WAVELENGTH=1.55e-06, EFFECTIVE_DISTANCE=3.3e-05, NOMINAL_AC_VOLTAGE=240, POLING_LENGTH=0.3, CORE_INDEX=1.52, NUM_SHOTS=1000
Chi-(2) (m/V)
1.693952664141050947e-13
9.786805323794631800e-14
1.001830305511307476e-13
8.797554369079789204e-14
1.008292648671450171e-13
1.018991238666234812e-13
1.086318362384316917e-13
1.153806470086564673e-13
9.901181116936639922e-14
9.533177874685425558e-14
1.154747795024172467e-13
9.385077281195833481e-14
1.092428801145274154e-13
8.685166801170367276e-14
1.007331350513149482e-13
8.004182874197657093e-14
1.001830305511307729e-13
1.059446880386584531e-13
9.959392578893712978e-14
1.001830305511307729e-13
8.379484274913392160e-14
1.252275434284260479e-13
1.197778626916280196e-13
1.423098528555386125e-13
1.235099499944559787e-13
1.113008485022211530e-13
1.043153738202529472e-13
1.207374434711151902e-13
1.059446880386584531e-13
9.108462582274987316e-14
1.181311091980711528e-13
1.018991238666234812e-13
1.013827284022211614e-13
1.235099499944560039e-13
1.030928635584687780e-13
1.038718894374338077e-13
1.087404402411546860e-13
9.721315591452440571e-14
1.043153738202530103e-13
9.385077281195833481e-14
1.104338361344682389e-13
1.182233964681629662e-13
9.385077281195833481e-14
9.336177068505537011e-14
1.168092948989492566e-13
8.998770683924988126e-14
9.418110324147248712e-14
1.327276122663920740e-13
1.405440668055489736e-13
9.305823202358105885e-14
1.075046860464098592e-13
1.184529060125354511e-13
1.078478062561956360e-13
9.959392578893709191e-14
9.772084075404318430e-14
8.580797504426468398e-14
1.030928635584687780e-13
9.721315591452440571e-14
9.959392578893712978e-14
1.124786845813287172e-13
8.379484274913394684e-14
7.842524936418073267e-14
9.786805323794631800e-14
9.606553932663177334e-14
7.423029363683858037e-14
1.152722270536251556e-13
1.594252106606639650e-13
9.196215643777747281e-14
1.028832192654924192e-13
1.071342405768341279e-13
8.998770683924988126e-14
9.494506651333421393e-14
1.026119734346992229e-13
8.580797504426468398e-14
1.136578922860073077e-13
9.129663978443807666e-14
9.959392578893709191e-14
1.089492171582754754e-13
1.078478062561957370e-13
9.606553932663177334e-14
9.575730533434002675e-14
7.423029363683856775e-14
9.606553932663179858e-14
8.575645566500990056e-14
4.701762165279920220e-14
9.454416182512525339e-14
9.196215643777747281e-14
9.838892965194733744e-14
9.278173934093681584e-14
1.001830305511307729e-13
9.772084075404318430e-14
1.035422346426753064e-13
8.891720246390988818e-14
9.772084075404318430e-14
1.059446880386584278e-13
9.959392578893712978e-14
8.685166801170364751e-14
8.782728552605174895e-14
1.279223734270398620e-13
9.838892965194737530e-14
8.585486517944385267e-14
1.124786845813287046e-13
8.792135904917592974e-14
1.030928635584688032e-13
9.838892965194737530e-14
1.001830305511308233e-13
9.848057024775976471e-14
9.278173934093677797e-14
8.685166801170371062e-14
1.078478062561957118e-13
1.013827284022211866e-13
9.278173934093681584e-14
1.140822159179937911e-13
9.220896215714744406e-14
1.026119734346992608e-13
1.047294542949957562e-13
8.164116289522454709e-14
1.181311091980711780e-13
9.675078829728567911e-14
8.998770683924990650e-14
1.071889573672251521e-13
1.018991238666234812e-13
8.478933353096773287e-14
1.208686622732166305e-13
1.084633349941208642e-13
1.095153882420104787e-13
1.121463363353795792e-13
1.013827284022212497e-13
8.882533174276299139e-14
9.786805323794630538e-14
8.379484274913390897e-14
8.891720246390987556e-14
9.901181116936639922e-14
1.038718894374338330e-13
8.580797504426467136e-14
1.123186514605188633e-13
1.026119734346992355e-13
8.787215883846804930e-14
3.827031442638972998e-14
4.701762165279914540e-14
9.848057024775976471e-14
1.059446880386584152e-13
8.164116289522455971e-14
9.959392578893709191e-14
5.887640273061944501e-14
8.998770683924988126e-14
9.459208912448621419e-14
1.018991238666235191e-13
9.606553932663177334e-14
9.721315591452438046e-14
1.168092948989492566e-13
9.418110324147248712e-14
1.051169619622603410e-13
1.140822159179937911e-13
1.126277036732661623e-13
5.215785761704505277e-14
4.648607027067895207e-14
1.370472798308047512e-13
8.882533174276295353e-14
1.023299476255067771e-13
1.055677258182862984e-13
9.305823202358108409e-14
9.786805323794631800e-14
9.786805323794631800e-14
8.787215883846803668e-14
1.030928635584688158e-13
9.721315591452438046e-14
8.004182874197657093e-14
9.786805323794630538e-14
8.787215883846808717e-14
9.606553932663179858e-14
1.068510455412905306e-13
1.196729324607090426e-13
1.087404402411546734e-13
1.013827284022211866e-13
9.220896215714740620e-14
9.278173934093677797e-14
9.606553932663177334e-14
9.721315591452440571e-14
9.959392578893714240e-14
1.013827284022212497e-13
1.020961264144747316e-13
1.075046860464098339e-13
1.018991238666235065e-13
7.194690303043886808e-14
1.047294542949958067e-13
9.606553932663179858e-14
9.305823202358104623e-14
1.222867068892901956e-13
1.068510455412905053e-13
8.998770683924988126e-14
1.480694416054075910e-13
8.187492349528212838e-14
9.108462582274981005e-14
1.153284188343110507e-13
1.020961264144747063e-13
9.418110324147251236e-14
1.051636589338703149e-13
9.454416182512529125e-14
9.606553932663173548e-14
1.075046860464098718e-13
1.081665174198487600e-13
1.182233964681629662e-13
1.314340125711121834e-13
1.086318362384316538e-13
9.959392578893716764e-14
1.353652489357799557e-13
8.685166801170367276e-14
9.305823202358104623e-14
1.152116026702791044e-13
1.038718894374338077e-13
9.651131920810240880e-14
8.242148971735328389e-14
8.685166801170367276e-14
9.721315591452438046e-14
1.030928635584687780e-13
8.998770683924985601e-14
9.651131920810240880e-14
7.790614071618693048e-14
1.051636589338703528e-13
1.060986123275983155e-13
1.059446880386584278e-13
9.418110324147248712e-14
1.078478062561956613e-13
1.007331350513149608e-13
9.606553932663177334e-14
9.305823202358105885e-14
1.264160706763784468e-13
9.838892965194733744e-14
9.772084075404318430e-14
9.721315591452434260e-14
9.385077281195832218e-14
8.685166801170363489e-14
1.001830305511307855e-13
8.685166801170371062e-14
1.123186514605189391e-13
9.606553932663177334e-14
8.478933353096774549e-14
1.064885271405548589e-13
9.786805323794630538e-14
7.972952234408388781e-14
1.075046860464098213e-13
9.173709028052241114e-14
8.379484274913392160e-14
9.838892965194737530e-14
1.051636589338703654e-13
8.164116289522454709e-14
9.828084998585108896e-14
1.136578922860073330e-13
8.364769857711674165e-14
4.986946897876327826e-14
4.005824918031421731e-14
1.002345916053058778e-13
1.501508219261650298e-13
9.454416182512536698e-14
4.682292516112847484e-14
4.927165938570529030e-14
8.585486517944385267e-14
1.139872208419616926e-13
9.533177874685429344e-14
8.187492349528210314e-14
1.026119734346992608e-13
1.092428801145274406e-13
8.782728552605174895e-14
9.838892965194737530e-14
1.020961264144747063e-13
9.305823202358104623e-14
9.220896215714743144e-14
7.842524936418074529e-14
7.828974602239460788e-14
1.007331350513149230e-13
8.187492349528210314e-14
1.084633349941209273e-13
1.111069822468100468e-13
8.685166801170368538e-14
9.354893565046231383e-14
9.901181116936639922e-14
9.606553932663173548e-14
1.055677258182862605e-13
8.882533174276297877e-14
1.035422346426752812e-13
9.385077281195832218e-14
9.494506651333421393e-14
8.792135904917589188e-14
9.278173934093677797e-14
8.984659869924476394e-14
1.026119734346992355e-13
8.882533174276295353e-14
8.282364509243360990e-14
1.020961264144747316e-13
9.675078829728567911e-14
9.385077281195833481e-14
1.089997339495317716e-13
9.675078829728570435e-14
9.089191665141438837e-14
1.097689481668068430e-13
9.959392578893716764e-14
1.731676369646586763e-13
1.108989713942675325e-13
1.033957529450670407e-13
9.838892965194735006e-14
4.005824918031423625e-14
1.051636589338703276e-13
9.418110324147248712e-14
1.084633349941209273e-13
1.051636589338703276e-13
8.998770683924988126e-14
1.114819655207603560e-13
9.089191665141438837e-14
1.001830305511307729e-13
9.901181116936641185e-14
9.901181116936641185e-14
1.038718894374337951e-13
8.208860942250295610e-14
9.173709028052241114e-14
9.606553932663173548e-14
1.181311091980711780e-13
8.984659869924473869e-14
1.013827284022211866e-13
9.354893565046227597e-14
1.047294542949957562e-13
9.786805323794631800e-14
8.782728552605174895e-14
1.059446880386584278e-13
9.901181116936639922e-14
1.095153882420104787e-13
8.685166801170372324e-14
9.494506651333418869e-14
8.984659869924472607e-14
8.685166801170368538e-14
1.030928635584688032e-13
8.004182874197654569e-14
9.248081724304429504e-14
9.459208912448621419e-14
1.023820557365633438e-13
7.800522927548090082e-14
1.055677258182862984e-13
1.055677258182862858e-13
9.050394713907252544e-14
9.959392578893712978e-14
1.026119734346992734e-13
8.348567182148975363e-14
1.075046860464098339e-13
4.408516286585532454e-14
1.194838567740786104e-13
9.901181116936639922e-14
1.038718894374337573e-13
9.848057024775973947e-14
9.494506651333421393e-14
9.418110324147248712e-14
1.211592836458490512e-13
9.454416182512532912e-14
1.068510455412905306e-13
9.278173934093681584e-14
9.606553932663179858e-14
4.596643928342903563e-14
1.140822159179937911e-13
1.030928635584687780e-13
9.721315591452436784e-14
1.264160706763784720e-13
1.084633349941208894e-13
9.754617250477147522e-14
9.959392578893714240e-14
1.013827284022212119e-13
8.138435919290525040e-14
1.321254841399964500e-13
9.721315591452438046e-14
9.108462582274992365e-14
1.279223734270399125e-13
1.119602688236502889e-13
1.038718894374337951e-13
1.224783568752193561e-13
1.108989713942675325e-13
1.008292648671450171e-13
1.275031756592087272e-13
9.959392578893710453e-14
1.020961264144747316e-13
1.237392320541357478e-13
1.055677258182862858e-13
1.055677258182863236e-13
9.565909354196455580e-14
1.043153738202529724e-13
1.026119734346992608e-13
8.782728552605174895e-14
9.494506651333421393e-14
9.129663978443807666e-14
9.173709028052239851e-14
8.685166801170368538e-14
8.803551063334222545e-14
1.047294542949957562e-13
1.001830305511307855e-13
9.606553932663179858e-14
4.596643928342901039e-14
5.309110425437196105e-14
1.154747795024172719e-13
9.385077281195829694e-14
1.013827284022211866e-13
1.064885271405548589e-13
1.026119734346992608e-13
8.457798945147371057e-14
1.030928635584687780e-13
1.007331350513149482e-13
9.129663978443811453e-14
1.111069822468100721e-13
9.385077281195829694e-14
8.912923663477875660e-14
1.141710238461323393e-13
1.001830305511307729e-13
1.055677258182862984e-13
9.675078829728570435e-14
9.089191665141438837e-14
8.067391066793978850e-14
1.154747795024172972e-13
8.685166801170368538e-14
1.038718894374337699e-13
9.071599034749589817e-14
1.100054699117395767e-13
9.305823202358109672e-14
9.173709028052241114e-14
9.848057024775976471e-14
8.067391066793978850e-14
1.023820557365633690e-13
9.675078829728574222e-14
8.379484274913390897e-14
1.062971848220411154e-13
1.498266672380268044e-13
8.488092612350698925e-14
1.062971848220411028e-13
1.007331350513149482e-13
7.480165750439951078e-14
1.168092948989492566e-13
9.901181116936639922e-14
8.984659869924473869e-14
9.494506651333417607e-14
1.038718894374337699e-13
9.089191665141438837e-14
9.533177874685428082e-14
1.140822159179937911e-13
8.282364509243360990e-14
9.959392578893714240e-14
1.059446880386584278e-13
9.196215643777751068e-14
1.002345916053058778e-13
4.811817046176789310e-14
9.459208912448621419e-14
9.565909354196455580e-14
8.984659869924473869e-14
9.354893565046230121e-14
1.018991238666234812e-13
8.998770683924985601e-14
9.848057024775973947e-14
1.583023666193457358e-13
9.786805323794631800e-14
9.173709028052239851e-14
1.001830305511307855e-13
8.580797504426467136e-14
4.982296725207266261e-14
4.307788584080391860e-14
1.064885271405548589e-13
1.152722270536251808e-13
8.379484274913392160e-14
9.494506651333421393e-14
1.181756963219980013e-13
7.163220770442993685e-14
8.004182874197659618e-14
1.030928635584687780e-13
8.067391066793977588e-14
1.055677258182862858e-13
1.097689481668068430e-13
7.842524936418073267e-14
1.007331350513149608e-13
9.305823202358105885e-14
1.111069822468100721e-13
1.007331350513149861e-13
1.126277036732662002e-13
8.998770683924988126e-14
9.089191665141438837e-14
1.068510455412905306e-13
9.108462582274991103e-14
1.030928635584687780e-13
9.606553932663176072e-14
7.334341138432158918e-14
9.278173934093677797e-14
9.606553932663179858e-14
1.197778626916280449e-13
9.959392578893714240e-14
1.055677258182862984e-13
8.580797504426468398e-14
9.385077281195832218e-14
1.030928635584687780e-13
9.196215643777751068e-14
1.106752092381955148e-13
9.786805323794630538e-14
8.478933353096773287e-14
4.986946897876327826e-14
5.215785761704505277e-14
1.023299476255067771e-13
1.095153882420105039e-13
8.998770683924985601e-14
4.927165938570530292e-14
4.357568837705922020e-14
1.168092948989492314e-13
1.101726876845371315e-13
8.685166801170372324e-14
1.501508219261649289e-13
1.026119734346992355e-13
7.607055985509314132e-14
9.278173934093679060e-14
9.901181116936639922e-14
1.211592836458490259e-13
9.385077281195829694e-14
1.084633349941209021e-13
9.772084075404319692e-14
1.183888166482055412e-13
1.135303436774036612e-13
8.891720246390987556e-14
9.278173934093681584e-14
1.084633349941209273e-13
9.196215643777749805e-14
1.092428801145274406e-13
1.248381733423751706e-13
9.108462582274987316e-14
9.675078829728567911e-14
1.095153882420104408e-13
9.196215643777747281e-14
1.823679991605907722e-13
1.168092948989492566e-13
7.657023713622001883e-14
1.472385137739801820e-13
1.265816389260173334e-13
9.418110324147248712e-14
1.340860981965697189e-13
1.075046860464098592e-13
8.891720246390987556e-14
1.059446880386583900e-13
1.026119734346992355e-13
7.090257601476888625e-14
1.084633349941208642e-13
9.336177068505537011e-14
1.008292648671450171e-13
1.140822159179938164e-13
9.772084075404318430e-14
1.020961264144747063e-13
1.126277036732661371e-13
1.153284188343110254e-13
9.651131920810240880e-14
1.137758892155092238e-13
1.071342405768341027e-13
9.220896215714743144e-14
7.702564193364077124e-14
9.901181116936643709e-14
8.787215883846804930e-14
8.901804366272182033e-14
1.279223734270398620e-13
8.282364509243359728e-14
1.002960441133883468e-13
1.038718894374337573e-13
8.585486517944385267e-14
8.478933353096773287e-14
1.081665174198487221e-13
8.891720246390988818e-14
7.842524936418068218e-14
1.078478062561957370e-13
9.959392578893712978e-14
8.067391066793975063e-14
1.038718894374337951e-13
9.418110324147248712e-14
4.460672587282865614e-14
1.051636589338703528e-13
8.891720246390987556e-14
8.585486517944386529e-14
1.001830305511307855e-13
9.418110324147248712e-14
1.051169619622603032e-13
9.173709028052241114e-14
9.721315591452438046e-14
8.685166801170368538e-14
9.606553932663173548e-14
8.891720246390987556e-14
1.062971848220410649e-13
1.007331350513149482e-13
7.480165750439951078e-14
7.532352099725789889e-14
4.701762165279918327e-14
1.047294542949957941e-13
1.043153738202529724e-13
8.891720246390988818e-14
9.014276948642124705e-14
9.089191665141438837e-14
8.998770683924988126e-14
1.224783568752193561e-13
1.043153738202529724e-13
9.196215643777749805e-14
8.364769857711671640e-14
1.097689481668068052e-13
8.067391066793975063e-14
9.196215643777747281e-14
1.081665174198487095e-13
1.068510455412905053e-13
1.114819655207603560e-13
1.030928635584688158e-13
9.108462582274984792e-14
1.102266151144183781e-13
1.100054699117395388e-13
9.305823202358104623e-14
4.648607027067896470e-14
4.756150972520751783e-14
6.246157347936090313e-14
1.153284188343110254e-13
9.385077281195833481e-14
3.870213414731929057e-14
4.756150972520755569e-14
9.828084998585111420e-14
1.001830305511307729e-13
1.068510455412905306e-13
1.139872208419616421e-13
9.721315591452434260e-14
1.026119734346992608e-13
9.959392578893712978e-14
8.882533174276295353e-14
9.848057024775977733e-14
9.278173934093681584e-14
8.998770683924988126e-14
1.081665174198487221e-13
9.901181116936641185e-14
1.113008485022211656e-13
8.263212814834738125e-14
9.606553932663173548e-14
8.585486517944385267e-14
1.068510455412905432e-13
9.838892965194737530e-14
8.984659869924472607e-14
1.055677258182862605e-13
8.984659869924473869e-14
1.026119734346992229e-13
1.018991238666235065e-13
1.001830305511307855e-13
7.828974602239459526e-14
1.018991238666234812e-13
1.043153738202529724e-13
8.208860942250293086e-14
1.047294542949957941e-13
1.283170948799557435e-13
7.915600346718496777e-14
1.168092948989492819e-13
9.305823202358105885e-14
8.984659869924473869e-14
1.071889573672251269e-13
8.685166801170367276e-14
1.534743238995971721e-13
1.071889573672251269e-13
9.494506651333418869e-14
1.013827284022211866e-13
8.882533174276295353e-14
9.651131920810240880e-14
8.488092612350695139e-14
1.043153738202530103e-13
1.111069822468100721e-13
9.089191665141438837e-14
1.668830781715489039e-13
1.126277036732661623e-13
8.998770683924988126e-14
1.610584214251688635e-13
1.126277036732661623e-13
9.959392578893710453e-14
1.487402174982813128e-13
1.030928635584688158e-13
9.533177874685424295e-14
5.155377853407704614e-14
4.568788553898684798e-14
1.610584214251688382e-13
1.100054699117395388e-13
8.891720246390987556e-14
1.844997452207500502e-13
1.081665174198487221e-13
1.013827284022212119e-13
1.023820557365633438e-13
8.882533174276297877e-14
9.494506651333422656e-14
1.946788984918384857e-13
1.183295378026187030e-13
9.305823202358104623e-14
9.959392578893712978e-14
9.278173934093679060e-14
8.575645566500993842e-14
1.047294542949957941e-13
9.494506651333418869e-14
9.533177874685429344e-14
9.786805323794630538e-14
1.043153738202529472e-13
8.891720246390992605e-14
1.137758892155091986e-13
1.026119734346992608e-13
9.305823202358105885e-14
1.013827284022211866e-13
9.418110324147251236e-14
1.008292648671450045e-13
1.013827284022212624e-13
1.008292648671450045e-13
9.533177874685425558e-14
1.084633349941209021e-13
1.008292648671450171e-13
8.364769857711671640e-14
1.059446880386584278e-13
1.013827284022212119e-13
9.220896215714743144e-14
1.018991238666234812e-13
5.620481854889713609e-14
9.959392578893712978e-14
8.685166801170368538e-14
8.580797504426468398e-14
9.494506651333421393e-14
1.026119734346992355e-13
8.379484274913388373e-14
9.196215643777747281e-14
7.972952234408386257e-14
9.533177874685428082e-14
1.059446880386584278e-13
1.001830305511307729e-13
9.418110324147251236e-14
1.095153882420104787e-13
1.008292648671450171e-13
9.721315591452440571e-14
1.111069822468100847e-13
1.038718894374337699e-13
9.721315591452436784e-14
8.037325181628637169e-14
9.305823202358105885e-14
8.891720246390988818e-14
1.082877426739445091e-13
1.047294542949958067e-13
9.336177068505537011e-14
1.111069822468100847e-13
1.033957529450669902e-13
1.038718894374337573e-13
8.187492349528210314e-14
9.418110324147251236e-14
1.026119734346992608e-13
1.168092948989492314e-13
9.606553932663176072e-14
1.026119734346992608e-13
8.187492349528210314e-14
1.124786845813287424e-13
1.051636589338702897e-13
1.114819655207603939e-13
1.071889573672251521e-13
1.038718894374338077e-13
8.685166801170371062e-14
1.015413656177744963e-13
9.901181116936639922e-14
9.089191665141438837e-14
9.901181116936637398e-14
9.494506651333417607e-14
9.700243438469961396e-14
1.078478062561957370e-13
1.055677258182862858e-13
9.196215643777749805e-14
4.756150972520751783e-14
1.013827284022212119e-13
1.138853686950701735e-13
1.026119734346992229e-13
9.196215643777749805e-14
1.124786845813287424e-13
8.685166801170367276e-14
8.891720246390988818e-14
1.008292648671450171e-13
1.008292648671450424e-13
1.038718894374337951e-13
9.772084075404318430e-14
1.013827284022211614e-13
1.026119734346992608e-13
1.095153882420104787e-13
1.068510455412905306e-13
8.094789904151241474e-14
4.927165938570529030e-14
8.984659869924472607e-14
9.721315591452436784e-14
1.008292648671450045e-13
8.882533174276297877e-14
5.277631850928896370e-14
9.089191665141438837e-14
4.811817046176789310e-14
8.585486517944386529e-14
9.196215643777751068e-14
9.305823202358109672e-14
9.721315591452436784e-14
9.959392578893716764e-14
1.013827284022212119e-13
9.606553932663176072e-14
1.252275434284260732e-13
1.139872208419616674e-13
9.089191665141438837e-14
1.018991238666235065e-13
1.055677258182862984e-13
9.848057024775973947e-14
9.385077281195832218e-14
1.111069822468100721e-13
1.141710238461323393e-13
9.606553932663177334e-14
8.379484274913392160e-14
1.381927752985130458e-13
8.882533174276297877e-14
9.786805323794631800e-14
1.193983827997647321e-13
9.959392578893712978e-14
1.030928635584688032e-13
1.543865856969945456e-13
1.033957529450670281e-13
9.901181116936639922e-14
8.094789904151242736e-14
9.786805323794631800e-14
1.007331350513149230e-13
9.575730533434006462e-14
9.721315591452438046e-14
9.089191665141441361e-14
9.901181116936639922e-14
1.038718894374337951e-13
9.721315591452436784e-14
1.267530152224466925e-13
1.026119734346992355e-13
8.585486517944386529e-14
1.114819655207603939e-13
9.089191665141438837e-14
9.786805323794631800e-14
1.210089509756912698e-13
9.336177068505535749e-14
9.196215643777747281e-14
1.473691605917439338e-13
9.651131920810240880e-14
1.013827284022212119e-13
1.181756963219980013e-13
8.891720246390988818e-14
1.001830305511307476e-13
1.075046860464098592e-13
9.089191665141441361e-14
9.305823202358104623e-14
1.168092948989492566e-13
1.018991238666234812e-13
9.418110324147251236e-14
1.221075917168322576e-13
1.372910926898438608e-13
9.305823202358105885e-14
1.155173423613131711e-13
9.675078829728567911e-14
9.606553932663179858e-14
8.164116289522455971e-14
1.081665174198487095e-13
9.786805323794631800e-14
1.060986123275983407e-13
9.418110324147248712e-14
9.606553932663177334e-14
8.575645566500990056e-14
9.721315591452434260e-14
9.721315591452436784e-14
1.119602688236502889e-13
1.033957529450670407e-13
1.043153738202529724e-13
1.018991238666234812e-13
1.001830305511307729e-13
1.013827284022212119e-13
1.039630879407019368e-13
1.018991238666234812e-13
9.418110324147248712e-14
1.051169619622603032e-13
1.001830305511307729e-13
9.959392578893712978e-14
1.127668079753055510e-13
1.026119734346992734e-13
1.008292648671450424e-13
1.100054699117395641e-13
9.196215643777747281e-14
9.305823202358105885e-14
1.183888166482055664e-13
9.385077281195829694e-14
9.089191665141438837e-14
1.242483323294446952e-13
1.081665174198487600e-13
9.721315591452438046e-14
1.183295378026187535e-13
9.772084075404318430e-14
9.196215643777747281e-14
1.095153882420104787e-13
9.959392578893714240e-14
8.891720246390988818e-14
1.030928635584687780e-13
1.051636589338703528e-13
7.334341138432162704e-14
9.721315591452440571e-14
1.848324119358364026e-13
9.651131920810240880e-14
1.423098528555385873e-13
1.020961264144747316e-13
1.047294542949958067e-13
1.059446880386584278e-13
9.305823202358104623e-14
9.772084075404318430e-14
9.385077281195832218e-14
8.379484274913390897e-14
8.580797504426468398e-14
1.020961264144746937e-13
8.891720246390987556e-14
9.108462582274987316e-14
1.047294542949958067e-13
1.152116026702790792e-13
9.533177874685425558e-14
9.828084998585108896e-14
1.104338361344682262e-13
7.657023713622004408e-14
1.075046860464098592e-13
1.008292648671450424e-13
9.418110324147251236e-14
1.245320054321679546e-13
9.129663978443811453e-14
8.984659869924473869e-14
9.369652808141384185e-14
1.097689481668068430e-13
1.051636589338703149e-13
9.651131920810240880e-14
9.336177068505537011e-14
9.108462582274984792e-14
1.030928635584687780e-13
9.606553932663176072e-14
8.580797504426464612e-14
9.606553932663177334e-14
8.998770683924988126e-14
9.278173934093681584e-14
9.494506651333421393e-14
9.838892965194735006e-14
4.307788584080391860e-14
5.472334138111448419e-14
8.392906483287577805e-14
8.379484274913392160e-14
9.533177874685425558e-14
9.418110324147248712e-14
8.891720246390988818e-14
9.606553932663176072e-14
1.097689481668068052e-13
9.418110324147248712e-14
1.020961264144747316e-13
1.064885271405548463e-13
9.108462582274987316e-14
9.305823202358109672e-14
1.051636589338703149e-13
9.336177068505537011e-14
9.838892965194735006e-14
5.897308649017292286e-14
9.838892965194737530e-14
9.305823202358105885e-14
1.051636589338703276e-13
9.418110324147251236e-14
1.108989713942675577e-13
1.075046860464098339e-13
1.064885271405548841e-13
1.018991238666234812e-13
9.721315591452440571e-14
9.418110324147248712e-14
1.047294542949958067e-13
9.196215643777749805e-14
9.533177874685429344e-14
1.153806470086564673e-13
9.721315591452436784e-14
8.379484274913388373e-14
9.675078829728570435e-14
1.001830305511307855e-13
9.305823202358104623e-14
1.018991238666235065e-13
9.838892965194737530e-14
9.196215643777753592e-14
1.197778626916280449e-13
1.015413656177744837e-13
8.998770683924988126e-14
1.168092948989492819e-13
1.020961264144746937e-13
1.013827284022212119e-13
1.196729324607090426e-13
1.751513927500062545e-13
1.026119734346992608e-13
8.478933353096773287e-14
8.787215883846804930e-14
1.008292648671450424e-13
9.786805323794630538e-14
9.533177874685425558e-14
9.896151870359334016e-14
1.168092948989492566e-13
9.721315591452438046e-14
1.008292648671450424e-13
1.208686622732166557e-13
1.337251824611698000e-13
8.685166801170368538e-14
1.154293166632338502e-13
8.891720246390988818e-14
8.478933353096770763e-14
9.014276948642124705e-14
9.494506651333418869e-14
9.196215643777751068e-14
9.494506651333422656e-14
1.095153882420104787e-13
9.533177874685425558e-14
1.151459996569687274e-13
1.216826301697117093e-13
8.580797504426468398e-14
1.154293166632338754e-13
9.838892965194737530e-14
9.772084075404318430e-14
1.139872208419616421e-13
9.959392578893712978e-14
9.385077281195829694e-14
1.100054699117395388e-13
1.038718894374337573e-13
1.033957529450670659e-13
1.068510455412905432e-13
1.078478062561957370e-13
9.959392578893714240e-14
9.369652808141384185e-14
1.152116026702791549e-13
8.282364509243360990e-14
9.459208912448621419e-14
1.007331350513149608e-13
9.108462582274984792e-14
1.111069822468100721e-13
9.651131920810240880e-14
7.972952234408386257e-14
1.395973976173969400e-13
9.675078829728570435e-14
9.901181116936637398e-14
1.033957529450670028e-13
1.121463363353796044e-13
9.089191665141438837e-14
1.100054699117395641e-13
1.013827284022211866e-13
9.606553932663176072e-14
1.196729324607090173e-13
1.051636589338703149e-13
8.891720246390988818e-14
1.084633349941208642e-13
1.097689481668068430e-13
8.891720246390988818e-14
1.023299476255067645e-13
1.119602688236503267e-13
9.418110324147248712e-14
9.354893565046227597e-14
1.001830305511307729e-13
1.315672646735647582e-13
1.089997339495317085e-13
1.018991238666235191e-13
9.721315591452434260e-14
8.971764244771494303e-14
1.018991238666234812e-13
9.089191665141438837e-14
8.778619236133603523e-14
9.675078829728567911e-14
9.721315591452436784e-14
1.113008485022211656e-13
1.030928635584688158e-13
8.882533174276297877e-14
1.152722270536251808e-13
9.721315591452438046e-14
1.140822159179937911e-13
1.108989713942675325e-13
1.917647146170495797e-13
9.385077281195832218e-14
9.454416182512530387e-14
1.097689481668068304e-13
9.494506651333421393e-14
1.348562192993783159e-13
1.136578922860073456e-13
9.606553932663179858e-14
9.565909354196455580e-14
9.606553932663177334e-14
9.838892965194737530e-14
1.023820557365633690e-13
9.675078829728567911e-14
9.418110324147248712e-14
1.356982453688462157e-13
9.786805323794631800e-14
9.494506651333417607e-14
1.035422346426752812e-13
1.007331350513149482e-13
9.494506651333417607e-14
9.336177068505535749e-14
1.095153882420105039e-13
8.891720246390987556e-14
1.141710238461323140e-13
9.565909354196455580e-14
9.494506651333421393e-14
1.200126172048011780e-13
1.153806470086564926e-13
9.305823202358108409e-14
1.258541851471747236e-13
1.030928635584688158e-13
8.580797504426464612e-14
9.959392578893714240e-14
1.137758892155091986e-13
1.038718894374337699e-13
1.047294542949958067e-13
9.606553932663176072e-14
9.108462582274987316e-14
1.047294542949957941e-13
9.606553932663176072e-14
5.405849914128497324e-14
1.007331350513149482e-13
9.494506651333417607e-14
1.038718894374338077e-13
1.087404402411546860e-13
1.448640804836920186e-13
9.196215643777747281e-14
8.004182874197658356e-14
9.089191665141438837e-14
8.787215883846804930e-14
1.047294542949958067e-13
9.786805323794635587e-14
1.195751670272137568e-13
1.020961264144746937e-13
5.096358350511341519e-14
1.152116026702791044e-13
4.756150972520752414e-14
1.309379164210571128e-13
1.001830305511307855e-13
9.108462582274991103e-14
9.305823202358105885e-14
1.095153882420104787e-13
9.772084075404319692e-14
1.047294542949957941e-13
1.043153738202530103e-13
1.111069822468100721e-13
1.127668079753055762e-13
8.478933353096769501e-14
9.959392578893714240e-14
1.047294542949957562e-13
1.026119734346992734e-13
1.064885271405548589e-13
1.114819655207603560e-13
9.494506651333421393e-14
8.685166801170368538e-14
1.140822159179937659e-13
9.494506651333421393e-14
9.305823202358105885e-14
8.901804366272185819e-14
8.585486517944384005e-14
1.380061379802799776e-13
4.005824918031419207e-14
5.340968314723430887e-14
1.231432181087587329e-13
8.348567182148972839e-14
9.838892965194737530e-14
1.108989713942675325e-13
9.494506651333421393e-14
1.030928635584687780e-13
1.001830305511308233e-13
1.075046860464098718e-13
9.196215643777747281e-14
1.008292648671450171e-13
1.630558723793499564e-13
1.106752092381955400e-13
1.553683080853584103e-13
1.102266151144183528e-13
1.084633349941208642e-13
1.081665174198487095e-13
9.418110324147248712e-14
1.123186514605189012e-13
1.182745474521984771e-13
9.565909354196455580e-14
1.047294542949957941e-13
1.154293166632338502e-13
9.173709028052241114e-14
8.984659869924473869e-14
8.580797504426468398e-14
8.971764244771494303e-14
9.848057024775977733e-14
8.094789904151238949e-14
9.071599034749587293e-14
9.901181116936639922e-14
8.282364509243360990e-14
9.786805323794630538e-14
9.721315591452438046e-14
7.972952234408386257e-14
7.790614071618691786e-14
1.068510455412905306e-13
8.478933353096773287e-14
4.701762165279916434e-14
4.053170632516531679e-14
1.594252106606639650e-13
9.248081724304433290e-14
8.685166801170367276e-14
9.108462582274983530e-14
8.392906483287577805e-14
8.488092612350697663e-14
1.081665174198487221e-13
1.237392320541357730e-13
9.305823202358105885e-14
1.182745474521984771e-13
1.047294542949958067e-13
7.972952234408388781e-14
1.038718894374337699e-13
1.153284188343110507e-13
9.108462582274984792e-14
9.459208912448620157e-14
1.030928635584687780e-13
8.998770683924985601e-14
1.035422346426753064e-13
1.084633349941208894e-13
9.838892965194737530e-14
1.007331350513149482e-13
1.013827284022212119e-13
8.685166801170371062e-14
1.062971848220410649e-13
9.786805323794630538e-14
8.998770683924988126e-14
7.842524936418069480e-14
1.007331350513149608e-13
9.606553932663179858e-14
1.001830305511307855e-13
1.087404402411546860e-13
8.787215883846804930e-14
9.278173934093682846e-14
9.786805323794630538e-14
8.685166801170368538e-14
9.278173934093681584e-14
1.097689481668068052e-13
9.305823202358108409e-14
1.181756963219980266e-13
1.043153738202529472e-13
8.478933353096770763e-14
1.087404402411546734e-13
1.043153738202529472e-13
8.187492349528210314e-14
5.405849914128493537e-14
4.307788584080389967e-14
9.848057024775976471e-14
1.030928635584687780e-13
8.891720246390988818e-14
9.739218541608687426e-14
1.007331350513149230e-13
9.305823202358104623e-14
9.354893565046230121e-14
9.786805323794630538e-14
9.838892965194735006e-14
8.589772318195635142e-14
1.047294542949957309e-13
9.089191665141438837e-14
8.984659869924476394e-14
1.097689481668068304e-13
7.657023713622004408e-14
8.912923663477875660e-14
9.533177874685424295e-14
7.972952234408386257e-14
1.002960441133883090e-13
9.838892965194733744e-14
7.972952234408386257e-14
1.092428801145274406e-13
1.081665174198487473e-13
8.379484274913392160e-14
9.494506651333418869e-14
9.901181116936637398e-14
9.675078829728570435e-14
1.026119734346992608e-13
8.685166801170368538e-14
9.278173934093681584e-14
9.721315591452440571e-14
8.901804366272185819e-14
9.901181116936639922e-14
1.001830305511307855e-13
9.220896215714740620e-14
4.701762165279916434e-14
5.955995828349454208e-14
9.675078829728567911e-14
8.585486517944385267e-14
9.454416182512529125e-14
1.051636589338703149e-13
1.398004665064840921e-13
8.379484274913394684e-14
9.700243438469961396e-14
1.249456968726913791e-13
9.220896215714743144e-14
1.124786845813287424e-13
9.675078829728570435e-14
8.998770683924988126e-14
9.278173934093679060e-14
9.901181116936639922e-14
1.018991238666235443e-13
9.901181116936639922e-14
9.721315591452436784e-14
1.013827284022212119e-13
8.580797504426464612e-14
7.972952234408388781e-14
1.007331350513149608e-13
9.196215643777747281e-14
9.220896215714743144e-14
8.882533174276297877e-14
1.001830305511307729e-13
1.084633349941209273e-13
1.564308886176698721e-13
1.059446880386584278e-13
1.097689481668068052e-13
9.565909354196455580e-14
9.786805323794631800e-14
8.912923663477875660e-14
9.305823202358105885e-14
9.786805323794631800e-14
9.494506651333415083e-14
9.459208912448621419e-14
1.113008485022211656e-13
8.037325181628638431e-14
9.901181116936639922e-14
9.959392578893712978e-14
9.533177874685428082e-14
1.013827284022212119e-13
1.030928635584688158e-13
8.685166801170368538e-14
8.998770683924988126e-14
1.008292648671450045e-13
1.055677258182862984e-13
9.675078829728566649e-14
1.055677258182862984e-13
1.104338361344682389e-13
9.565909354196455580e-14
9.173709028052239851e-14
8.138435919290521253e-14
9.848057024775976471e-14
1.237392320541357478e-13
9.248081724304429504e-14
8.488092612350697663e-14
1.087404402411546860e-13
9.354893565046231383e-14
1.047294542949958067e-13
9.786805323794630538e-14
8.392906483287577805e-14
8.685166801170371062e-14
4.648607027067893314e-14
9.786805323794634325e-14
1.007331350513149482e-13
1.020961264144747316e-13
1.007331350513149482e-13
8.782728552605174895e-14
9.786805323794634325e-14
1.208686622732166305e-13
1.055677258182862858e-13
1.068510455412905053e-13
1.128969551552526378e-13
9.385077281195829694e-14
7.972952234408388781e-14
1.062971848220410775e-13
1.043153738202529472e-13
1.068510455412905306e-13
1.138853686950701735e-13
9.385077281195829694e-14
4.927165938570531554e-14
1.051636589338703149e-13
9.278173934093677797e-14
9.459208912448621419e-14
9.278173934093682846e-14
1.062971848220411154e-13
9.385077281195829694e-14
1.001830305511308107e-13
1.035422346426752812e-13
1.055677258182862858e-13
1.020961264144747316e-13
1.222867068892901956e-13
1.013827284022211866e-13
1.139872208419616674e-13
1.059446880386584278e-13
1.097689481668067925e-13
8.891720246390987556e-14
1.684089285716586471e-13
1.123186514605188633e-13
1.043153738202529472e-13
1.264160706763784720e-13
9.838892965194737530e-14
1.097689481668068430e-13
1.023820557365633690e-13
8.891720246390988818e-14
1.095153882420105165e-13
1.286440416483242554e-13
1.023820557365633690e-13
1.018991238666235191e-13
1.246821135384112971e-13
1.007331350513149482e-13
9.305823202358104623e-14
1.366227473924772774e-13
1.035422346426752812e-13
9.786805323794631800e-14
1.207374434711152659e-13
9.959392578893712978e-14
1.059446880386584278e-13
1.181311091980712033e-13
1.071889573672251269e-13
1.055677258182863236e-13
9.959392578893714240e-14
9.959392578893712978e-14
1.033957529450670281e-13
9.786805323794631800e-14
7.938719112713365409e-14
1.068510455412905432e-13
9.901181116936639922e-14
9.014276948642127229e-14
1.030928635584688158e-13
9.606553932663173548e-14
8.364769857711671640e-14
8.348567182148975363e-14
1.026119734346992608e-13
1.001830305511307729e-13
1.026119734346992608e-13
1.064885271405548589e-13
8.685166801170371062e-14
9.721315591452434260e-14
1.038718894374337951e-13
8.478933353096773287e-14
1.026119734346992608e-13
1.182745474521984771e-13
7.842524936418069480e-14
1.007331350513149482e-13
9.418110324147251236e-14
8.901804366272183295e-14
8.891720246390987556e-14
8.580797504426468398e-14
7.748654443927186587e-14
8.585486517944385267e-14
1.043153738202529724e-13
9.108462582274987316e-14
9.959392578893714240e-14
9.786805323794628014e-14
7.480165750439948553e-14
1.002345916053058778e-13
1.113008485022211656e-13
8.891720246390988818e-14
1.030928635584687780e-13
1.503224910140604768e-13
8.787215883846804930e-14
8.891720246390988818e-14
1.064885271405548589e-13
7.513906721507785794e-14
1.056780728720638737e-13
1.052231524992909236e-13
8.067391066793977588e-14
8.998770683924988126e-14
9.494506651333417607e-14
9.305823202358108409e-14
1.018991238666235191e-13
1.038718894374337951e-13
9.336177068505535749e-14
4.357568837705920127e-14
4.514081408397287629e-14
8.782728552605174895e-14
1.068510455412905053e-13
1.064885271405548463e-13
1.060986123275983155e-13
8.138435919290517467e-14
8.891720246390987556e-14
1.007331350513149482e-13
1.111069822468100847e-13
8.685166801170367276e-14
9.533177874685428082e-14
1.001830305511307855e-13
9.108462582274987316e-14
9.772084075404318430e-14
1.026119734346992608e-13
7.972952234408388781e-14
1.201444912255255752e-13
1.026119734346992608e-13
9.385077281195832218e-14
1.020961264144747316e-13
9.089191665141438837e-14
7.334341138432160180e-14
9.454416182512529125e-14
1.008292648671450424e-13
8.580797504426464612e-14
9.675078829728567911e-14
1.026119734346992734e-13
8.575645566500988794e-14
9.675078829728570435e-14
8.379484274913394684e-14
8.891720246390991342e-14
1.047294542949957941e-13
9.606553932663177334e-14
9.533177874685425558e-14
9.675078829728571697e-14
9.196215643777749805e-14
9.108462582274987316e-14
9.196215643777747281e-14
1.008292648671450424e-13
9.196215643777749805e-14
1.084633349941209021e-13
9.278173934093679060e-14
8.891720246390988818e-14
4.982296725207261212e-14
5.540481376347982363e-14
9.838892965194737530e-14
9.354893565046230121e-14
8.685166801170367276e-14
1.018991238666235065e-13
1.018991238666235191e-13
8.282364509243355941e-14
1.007331350513149230e-13
1.043153738202529724e-13
9.533177874685425558e-14
1.007331350513149230e-13
1.084633349941208642e-13
9.278173934093679060e-14
5.155377853407703351e-14
4.408516286585532454e-14
1.007331350513149230e-13
9.901181116936641185e-14
8.468881214951143406e-14
8.496472899157938217e-14
9.071599034749584769e-14
1.183295378026187535e-13
9.354893565046230121e-14
1.140822159179937911e-13
9.031396434856038878e-14
1.674345670063603812e-13
9.786805323794630538e-14
9.354893565046230121e-14
1.012479895304433382e-13
8.891720246390985032e-14
8.797554369079791728e-14
9.565909354196455580e-14
9.220896215714743144e-14
9.565909354196456842e-14
1.023820557365633690e-13
8.685166801170368538e-14
9.959392578893709191e-14
1.123186514605189012e-13
1.013827284022212119e-13
1.043153738202529472e-13
1.071889573672251521e-13
1.023299476255067645e-13
1.111069822468100847e-13
9.675078829728567911e-14
9.575730533434007724e-14
9.848057024775976471e-14
1.043153738202530229e-13
1.248381733423751706e-13
9.459208912448621419e-14
1.030928635584687780e-13
1.056780728720639241e-13
9.848057024775973947e-14
1.018991238666234812e-13
8.901804366272183295e-14
9.848057024775976471e-14
9.071599034749587293e-14
8.478933353096773287e-14
9.278173934093682846e-14
1.012479895304433635e-13
1.154293166632338502e-13
4.545833097289796441e-14
1.064885271405548210e-13
1.047294542949957941e-13
9.336177068505531962e-14
1.055677258182862858e-13
1.035422346426752812e-13
8.468881214951140881e-14
1.064885271405548589e-13
1.030928635584688158e-13
9.575730533434003937e-14
1.181311091980712033e-13
1.018991238666235191e-13
1.055677258182862984e-13
1.194838567740786104e-13
1.126277036732661749e-13
1.111069822468100847e-13
1.422629472850437658e-13
6.284439047306497104e-14
1.153806470086564673e-13
1.154747795024172719e-13
1.030928635584688032e-13
1.030928635584688158e-13
1.075046860464098339e-13
1.018991238666234812e-13
1.043153738202529724e-13
1.087404402411546734e-13
9.196215643777753592e-14
9.385077281195829694e-14
9.459208912448623944e-14
9.901181116936639922e-14
1.009431133111754088e-13
9.418110324147248712e-14
1.059446880386584278e-13
8.575645566500990056e-14
1.208686622732166305e-13
1.030928635584688032e-13
1.001830305511307855e-13
1.060986123275983029e-13
1.152116026702790539e-13
1.055677258182862858e-13
9.220896215714743144e-14
1.071889573672251521e-13
1.528703238754484820e-13
9.772084075404318430e-14
1.026119734346992608e-13
1.030928635584687780e-13
1.013827284022212497e-13
9.896151870359336541e-14
9.959392578893714240e-14
1.043153738202529472e-13
8.263212814834738125e-14
1.051169619622603032e-13
9.173709028052241114e-14
9.196215643777747281e-14
1.001391506306583009e-13
1.035422346426752812e-13
8.998770683924988126e-14
1.089997339495317716e-13
1.007331350513149608e-13
8.478933353096773287e-14
1.001391506306583009e-13
1.030928635584688032e-13
8.364769857711674165e-14
9.494506651333417607e-14
9.959392578893712978e-14
8.685166801170368538e-14
9.772084075404322216e-14
9.901181116936639922e-14
8.488092612350697663e-14
1.095153882420105165e-13
9.385077281195832218e-14
7.480165750439948553e-14
1.002345916053059156e-13
9.959392578893712978e-14
1.059446880386584278e-13
1.013827284022212119e-13
9.220896215714743144e-14
9.959392578893709191e-14
9.772084075404318430e-14
9.959392578893714240e-14
1.183888166482055412e-13
1.119602688236502889e-13
8.263212814834741911e-14
8.282364509243355941e-14
8.580797504426464612e-14
9.772084075404319692e-14
9.772084075404322216e-14
8.685166801170363489e-14
8.901804366272185819e-14
4.648607027067893314e-14
4.005824918031423625e-14
9.675078829728567911e-14
1.030928635584688032e-13
8.478933353096770763e-14
8.882533174276295353e-14
9.901181116936637398e-14
8.998770683924988126e-14
1.002345916053058778e-13
1.026119734346992608e-13
8.478933353096773287e-14
9.838892965194733744e-14
9.959392578893714240e-14
8.580797504426468398e-14
9.838892965194737530e-14
9.959392578893710453e-14
8.787215883846807455e-14
1.071342405768341658e-13
8.891720246390987556e-14
8.685166801170368538e-14
9.606553932663176072e-14
1.068510455412905306e-13
9.220896215714743144e-14
1.089492171582754754e-13
1.234009062636472456e-13
9.220896215714740620e-14
9.278173934093681584e-14
9.494506651333421393e-14
7.567552851509049845e-14
1.018991238666235191e-13
9.721315591452436784e-14
8.263212814834741911e-14
9.385077281195829694e-14
1.038718894374337951e-13
8.901804366272183295e-14
1.043153738202530103e-13
9.721315591452434260e-14
8.685166801170367276e-14
5.820843520684973893e-14
4.868806069551100678e-14
1.081665174198487600e-13
9.786805323794630538e-14
8.580797504426464612e-14
1.071889573672251269e-13
1.007331350513149482e-13
8.685166801170367276e-14
9.278173934093682846e-14
1.018991238666235191e-13
8.067391066793975063e-14
1.207374434711152407e-13
1.047294542949958067e-13
1.139872208419616926e-13
1.528227181727003596e-13
1.035422346426753064e-13
1.013827284022212119e-13
1.246821135384113224e-13
1.007331350513149608e-13
1.043153738202530229e-13
1.194838567740786356e-13
9.385077281195833481e-14
9.675078829728567911e-14
1.001830305511307855e-13
1.522381039902423622e-13
1.137758892155092238e-13
9.786805323794631800e-14
9.089191665141438837e-14
9.651131920810244667e-14
8.585486517944389054e-14
9.196215643777751068e-14
9.494506651333421393e-14
8.094789904151242736e-14
1.013827284022211866e-13
1.153806470086564421e-13
7.880718924131086150e-14
1.013827284022212624e-13
1.013827284022212119e-13
8.187492349528206527e-14
9.606553932663177334e-14
9.838892965194733744e-14
9.622779959579799898e-14
9.108462582274991103e-14
1.051636589338703528e-13
1.007331350513149230e-13
9.305823202358104623e-14
9.533177874685429344e-14
1.047294542949957941e-13
9.786805323794634325e-14
9.721315591452436784e-14
1.124786845813287551e-13
1.051636589338703276e-13
9.606553932663177334e-14
8.984659869924472607e-14
9.305823202358104623e-14
1.013827284022211866e-13
1.056780728720639115e-13
9.772084075404322216e-14
1.013827284022211866e-13
1.055677258182862858e-13
1.095153882420105039e-13
1.008292648671450424e-13
1.152722270536252060e-13
9.901181116936637398e-14
8.998770683924988126e-14
1.059446880386584278e-13
1.068510455412905306e-13
9.651131920810240880e-14
1.018991238666234812e-13
1.081665174198487095e-13
1.078478062561957496e-13
1.662808215564631608e-13
6.921107182741809652e-14
9.721315591452440571e-14
1.047294542949958067e-13
9.838892965194737530e-14
1.038718894374337699e-13
1.340860981965697189e-13
1.060986123275983155e-13
9.305823202358105885e-14
1.055677258182862858e-13
9.901181116936639922e-14
9.305823202358105885e-14
1.229049209521186701e-13
1.211592836458491269e-13
9.494506651333417607e-14
1.340860981965696936e-13
1.121463363353795792e-13
8.891720246390985032e-14
1.168092948989492566e-13
1.075046860464098339e-13
9.533177874685424295e-14
1.210089509756912950e-13
1.064885271405548589e-13
1.008292648671450045e-13
9.675078829728567911e-14
9.305823202358105885e-14
9.959392578893714240e-14
1.095153882420105165e-13
5.340968314723433411e-14
1.007331350513149482e-13
9.959392578893709191e-14
9.651131920810240880e-14
8.094789904151238949e-14
9.721315591452438046e-14
1.008292648671450424e-13
8.067391066793977588e-14
9.196215643777749805e-14
9.533177874685425558e-14
1.154747795024172467e-13
9.089191665141441361e-14
8.984659869924472607e-14
1.001830305511307729e-13
9.089191665141438837e-14
9.385077281195829694e-14
1.059446880386584152e-13
1.001830305511307855e-13
1.216826301697117093e-13
9.700243438469957610e-14
9.385077281195829694e-14
1.168092948989492314e-13
9.606553932663177334e-14
9.675078829728567911e-14
8.585486517944386529e-14
1.126277036732661749e-13
9.385077281195832218e-14
1.007331350513149482e-13
1.043153738202529724e-13
9.721315591452434260e-14
9.959392578893714240e-14
9.786805323794628014e-14
9.305823202358104623e-14
9.632792861923926238e-14
9.565909354196456842e-14
9.606553932663176072e-14
1.051169619622603158e-13
1.047294542949957562e-13
9.089191665141438837e-14
1.366227473924772521e-13
9.089191665141438837e-14
9.418110324147248712e-14
1.249456968726913791e-13
9.305823202358108409e-14
9.196215643777753592e-14
1.087404402411546734e-13
9.196215643777751068e-14
9.385077281195833481e-14
9.385077281195829694e-14
8.685166801170371062e-14
8.998770683924984339e-14
9.071599034749584769e-14
8.685166801170368538e-14
1.001830305511307855e-13
9.565909354196455580e-14
9.031396434856041402e-14
9.071599034749587293e-14
9.385077281195832218e-14
9.354893565046227597e-14
9.786805323794630538e-14
1.194838567740786104e-13
1.030928635584687780e-13
1.084633349941209273e-13
1.301127514814227048e-13
1.018991238666234812e-13
1.071889573672251521e-13
1.221075917168322828e-13
9.901181116936639922e-14
1.026119734346992608e-13
1.261012158317534082e-13
1.001830305511308107e-13
1.153806470086564673e-13
9.459208912448623944e-14
1.113008485022211656e-13
4.545833097289793286e-14
5.340968314723434674e-14
9.848057024775976471e-14
1.043153738202530229e-13
8.263212814834740649e-14
9.739218541608691213e-14
1.018991238666235065e-13
7.972952234408388781e-14
9.786805323794628014e-14
8.874128549188916688e-14
8.488092612350695139e-14
1.064885271405548589e-13
9.838892965194735006e-14
8.585486517944386529e-14
9.014276948642127229e-14
9.305823202358105885e-14
8.685166801170367276e-14
4.811817046176788679e-14
5.096358350511341519e-14
1.060986123275983155e-13
1.043153738202530229e-13
8.379484274913390897e-14
1.071889573672251269e-13
1.068510455412905306e-13
7.657023713622004408e-14
4.756150972520756201e-14
5.277631850928900157e-14
9.459208912448621419e-14
1.059446880386584152e-13
8.787215883846803668e-14
1.018991238666234812e-13
1.055677258182862858e-13
8.263212814834741911e-14
1.059446880386584278e-13
1.001830305511307855e-13
9.533177874685428082e-14
9.959392578893712978e-14
1.055677258182863236e-13
9.108462582274991103e-14
9.173709028052241114e-14
1.013827284022212119e-13
9.305823202358108409e-14
1.113008485022211656e-13
1.030928635584687780e-13
8.891720246390988818e-14
1.264160706763784972e-13
9.305823202358109672e-14
1.602211425116131847e-13
7.567552851509048583e-14
1.071889573672251521e-13
9.089191665141438837e-14
8.685166801170368538e-14
1.152722270536251808e-13
9.721315591452436784e-14
1.055677258182862858e-13
1.051636589338703276e-13
7.423029363683855513e-14
9.305823202358108409e-14
1.038718894374337699e-13
8.792135904917592974e-14
1.055677258182862858e-13
1.064885271405548841e-13
8.998770683924985601e-14
8.585486517944384005e-14
1.008292648671450045e-13
1.051636589338702897e-13
7.616499179291634896e-14
9.494506651333421393e-14
8.164116289522455971e-14
9.385077281195832218e-14
1.030928635584688032e-13
9.838892965194735006e-14
9.385077281195829694e-14
1.210089509756913203e-13
1.008292648671450171e-13
1.047294542949957941e-13
1.001830305511307855e-13
9.890171428337911483e-14
1.043153738202529472e-13
1.013827284022211614e-13
9.220896215714743144e-14
1.081665174198487095e-13
9.901181116936641185e-14
8.912923663477878184e-14
1.111069822468100847e-13
1.071889573672251521e-13
9.369652808141384185e-14
1.081665174198487095e-13
8.685166801170367276e-14
8.912923663477878184e-14
1.675393329870605341e-13
9.606553932663177334e-14
9.721315591452440571e-14
1.038718894374337699e-13
9.606553932663177334e-14
7.972952234408386257e-14
1.100054699117395388e-13
1.055677258182862984e-13
1.038718894374337951e-13
1.168092948989492566e-13
9.901181116936643709e-14
9.959392578893712978e-14
9.173709028052241114e-14
9.901181116936639922e-14
1.038718894374337951e-13
1.127668079753055510e-13
1.018991238666234812e-13
9.494506651333421393e-14
1.100054699117395767e-13
1.043153738202529724e-13
1.026119734346992608e-13
1.007331350513149482e-13
1.001830305511307855e-13
1.013827284022212624e-13
8.685166801170368538e-14
9.700243438469961396e-14
1.055677258182863236e-13
1.026119734346992608e-13
9.248081724304433290e-14
1.047294542949957562e-13
9.606553932663176072e-14
1.026119734346992355e-13
1.124786845813287551e-13
9.196215643777751068e-14
1.075046860464098339e-13
1.068510455412905053e-13
9.651131920810244667e-14
9.305823202358105885e-14
1.033957529450670281e-13
9.108462582274984792e-14
9.959392578893712978e-14
1.047294542949957562e-13
8.685166801170367276e-14
8.119861516603491266e-14
9.848057024775973947e-14
9.196215643777749805e-14
9.739218541608687426e-14
8.984659869924476394e-14
9.071599034749584769e-14
1.018991238666235191e-13
8.891720246390987556e-14
8.208860942250295610e-14
1.023820557365633312e-13
8.984659869924476394e-14
1.095153882420104408e-13
8.488092612350701450e-14
9.385077281195832218e-14
1.068510455412905432e-13
9.305823202358108409e-14
1.059446880386584278e-13
1.405440668055489736e-13
8.998770683924988126e-14
9.459208912448621419e-14
1.100054699117395388e-13
9.721315591452438046e-14
4.259135766319136198e-14
4.101651632254992742e-14
9.354893565046230121e-14
1.113008485022211656e-13
1.008292648671450424e-13
8.971764244771498089e-14
8.585486517944385267e-14
8.787215883846803668e-14
9.739218541608689951e-14
1.059446880386584152e-13
7.972952234408386257e-14
9.173709028052241114e-14
1.095153882420104787e-13
8.164116289522454709e-14
1.013827284022212119e-13
1.137758892155091986e-13
9.838892965194735006e-14
8.478933353096770763e-14
8.782728552605174895e-14
9.248081724304433290e-14
1.108989713942675325e-13
1.015413656177744963e-13
9.721315591452434260e-14
1.018991238666234812e-13
8.882533174276295353e-14
1.013827284022212119e-13
1.124786845813287172e-13
9.606553932663176072e-14
9.786805323794631800e-14
9.494506651333417607e-14
9.129663978443811453e-14
1.030928635584687780e-13
1.108989713942675577e-13
9.838892965194735006e-14
4.596643928342901039e-14
4.811817046176789310e-14
8.004182874197657093e-14
1.001830305511307729e-13
8.282364509243360990e-14
8.874128549188916688e-14
1.062971848220410775e-13
8.882533174276295353e-14
5.755552596465643826e-14
3.202039891422118644e-14
9.739218541608687426e-14
8.984659869924473869e-14
9.418110324147248712e-14
9.959392578893712978e-14
9.675078829728567911e-14
9.278173934093679060e-14
9.606553932663179858e-14
9.385077281195832218e-14
1.033957529450670281e-13
6.651466907210987388e-14
8.282364509243359728e-14
7.972952234408390043e-14
1.026119734346992608e-13
8.392906483287577805e-14
9.901181116936639922e-14
9.494506651333421393e-14
1.035422346426753064e-13
9.786805323794630538e-14
8.164116289522455971e-14
4.868806069551100678e-14
3.646240256851944509e-14
1.012479895304433382e-13
4.868806069551100678e-14
9.071599034749587293e-14
1.055677258182862858e-13
9.533177874685428082e-14
1.275031756592087019e-13
1.064885271405548589e-13
7.480165750439953602e-14
1.047294542949958067e-13
1.097689481668068052e-13
8.998770683924988126e-14
9.248081724304435815e-14
1.038718894374337699e-13
9.533177874685425558e-14
1.068510455412905053e-13
9.901181116936637398e-14
8.067391066793977588e-14
9.959392578893710453e-14
1.108989713942675704e-13
7.334341138432160180e-14
9.786805323794631800e-14
1.030928635584687780e-13
9.533177874685425558e-14
6.682086658091671129e-14
1.030928635584687780e-13
8.998770683924988126e-14
9.675078829728567911e-14
1.113008485022211530e-13
8.891720246390988818e-14
1.030928635584688158e-13
1.043153738202530103e-13
9.220896215714743144e-14
1.001830305511307855e-13
1.007331350513149482e-13
7.880718924131083626e-14
1.291971141083286988e-13
9.031396434856037616e-14
9.418110324147248712e-14
1.137758892155091986e-13
1.100054699117395388e-13
8.891720246390987556e-14
1.038718894374337573e-13
9.959392578893709191e-14
1.347332982806724913e-13
8.478933353096773287e-14
8.901804366272185819e-14
8.685166801170367276e-14
1.137758892155091986e-13
9.838892965194733744e-14
8.037325181628634644e-14
9.786805323794630538e-14
1.013827284022212119e-13
8.901804366272185819e-14
1.018991238666235065e-13
1.097689481668068430e-13
1.008292648671450045e-13
3.689814393076851200e-14
4.927165938570532185e-14
1.386040020309016977e-13
1.152116026702791044e-13
7.748654443927184063e-14
4.624842095675658779e-14
4.005824918031423625e-14
1.183888166482055412e-13
1.104338361344682389e-13
9.305823202358108409e-14
1.033957529450670281e-13
1.183888166482055664e-13
2.902304621001037315e-14
1.078478062561957496e-13
1.095153882420105165e-13
8.580797504426464612e-14
4.741192861596912896e-14
4.460672587282865614e-14
1.089492171582755133e-13
1.026119734346992608e-13
8.998770683924985601e-14
9.786805323794634325e-14
9.494506651333417607e-14
7.972952234408390043e-14
4.357568837705920127e-14
4.986946897876329719e-14
8.984659869924472607e-14
9.901181116936639922e-14
9.721315591452436784e-14
9.278173934093681584e-14
1.071889573672251142e-13
7.842524936418069480e-14
8.392906483287577805e-14
9.494506651333417607e-14
7.748654443927186587e-14
1.015413656177744837e-13
9.786805323794630538e-14
9.196215643777747281e-14
1.002345916053058778e-13
9.675078829728564124e-14
6.213043547648050646e-14
4.868806069551103202e-14
4.408516286585532454e-14
1.001830305511307729e-13
1.008292648671450424e-13
8.379484274913392160e-14
1.015413656177744963e-13
1.183888166482055917e-13
8.580797504426467136e-14
8.792135904917585401e-14
9.305823202358108409e-14
9.418110324147248712e-14
9.278173934093679060e-14
1.001830305511307729e-13
8.468881214951143406e-14
9.565909354196455580e-14
9.721315591452440571e-14
9.014276948642128491e-14
9.848057024775976471e-14
1.030928635584688032e-13
8.379484274913390897e-14
9.071599034749584769e-14
1.030928635584688158e-13
8.282364509243355941e-14
9.385077281195833481e-14
1.139872208419616926e-13
8.891720246390991342e-14
9.173709028052241114e-14
9.385077281195832218e-14
8.580797504426468398e-14
9.575730533434003937e-14
8.282364509243355941e-14
8.164116289522454709e-14
9.959392578893710453e-14
1.018991238666234812e-13
8.685166801170371062e-14
9.494506651333417607e-14
1.001830305511307855e-13
9.959392578893712978e-14
9.838892965194737530e-14
9.385077281195832218e-14
8.998770683924990650e-14
7.616499179291633634e-14
9.786805323794631800e-14
8.478933353096770763e-14
9.959392578893712978e-14
9.901181116936639922e-14
8.787215883846807455e-14
9.959392578893712978e-14
8.984659869924473869e-14
8.912923663477875660e-14
9.305823202358109672e-14
9.071599034749589817e-14
8.575645566500990056e-14
1.108989713942675704e-13
1.059446880386584278e-13
8.364769857711671640e-14
1.226839052801933827e-13
9.278173934093677797e-14
8.282364509243355941e-14
9.838892965194733744e-14
9.901181116936639922e-14
9.129663978443807666e-14
1.023820557365633690e-13
5.277631850928898264e-14
3.646240256851944509e-14
4.624842095675658779e-14
1.113008485022211909e-13
1.026119734346992734e-13
1.051636589338703276e-13
1.100054699117395767e-13
1.008292648671450045e-13
1.081665174198487221e-13
8.468881214951143406e-14
1.104338361344682389e-13
1.033957529450670281e-13
8.882533174276295353e-14
1.001830305511308233e-13
9.828084998585111420e-14
9.278173934093681584e-14
1.397048287946025904e-13
9.494506651333421393e-14
9.385077281195829694e-14
9.494506651333421393e-14
8.468881214951143406e-14
9.385077281195829694e-14
1.055677258182862984e-13
8.901804366272185819e-14
1.026119734346992734e-13
8.585486517944385267e-14
1.043153738202529472e-13
9.959392578893710453e-14
1.033957529450670659e-13
8.580797504426467136e-14
1.092428801145274406e-13
1.008292648671450171e-13
8.580797504426467136e-14
9.369652808141382923e-14
1.081665174198487095e-13
8.580797504426467136e-14
1.309379164210571633e-13
1.038718894374337951e-13
7.567552851509048583e-14
1.018991238666234812e-13
1.001830305511307855e-13
9.108462582274991103e-14
9.675078829728570435e-14
9.494506651333418869e-14
9.533177874685424295e-14
1.154747795024172467e-13
9.606553932663179858e-14
7.748654443927182801e-14
1.168092948989492819e-13
9.089191665141438837e-14
7.657023713622000621e-14
1.154747795024172719e-13
9.494506651333421393e-14
8.379484274913390897e-14
9.575730533434003937e-14
1.007331350513149482e-13
9.089191665141438837e-14
8.792135904917589188e-14
1.030928635584687780e-13
8.187492349528210314e-14
1.002345916053058778e-13
1.059446880386584278e-13
8.187492349528210314e-14
1.002345916053059156e-13
8.685166801170367276e-14
7.311356011427666893e-14
8.787215883846804930e-14
1.081665174198487473e-13
8.891720246390987556e-14
9.848057024775973947e-14
1.018991238666235065e-13
8.998770683924988126e-14
9.901181116936637398e-14
1.026119734346992608e-13
8.379484274913390897e-14
1.035422346426752812e-13
1.018991238666235443e-13
7.972952234408388781e-14
9.848057024775976471e-14
9.675078829728567911e-14
7.480165750439951078e-14
9.014276948642120918e-14
9.675078829728567911e-14
1.224783568752193056e-13
1.087404402411547112e-13
9.786805323794628014e-14
8.282364509243355941e-14
1.062971848220411154e-13
9.786805323794628014e-14
8.004182874197652045e-14
9.385077281195829694e-14
1.126277036732661749e-13
9.278173934093681584e-14
8.282364509243355941e-14
9.700243438469961396e-14
1.001830305511307855e-13
1.059446880386584152e-13
1.015413656177744963e-13
1.136578922860073077e-13
8.580797504426467136e-14
1.038718894374337951e-13
1.026119734346992608e-13
8.998770683924985601e-14
8.882533174276299139e-14
1.013827284022211866e-13
8.263212814834741911e-14
9.675078829728570435e-14
9.606553932663179858e-14
8.468881214951140881e-14
9.278173934093679060e-14
9.606553932663179858e-14
8.685166801170371062e-14
9.385077281195829694e-14
8.984659869924472607e-14
1.043153738202529472e-13
1.038718894374337951e-13
1.007331350513149482e-13
8.901804366272185819e-14
1.020961264144746937e-13
1.013827284022212119e-13
8.263212814834738125e-14
9.772084075404318430e-14
9.385077281195829694e-14
9.533177874685424295e-14
1.731676369646586763e-13
1.038718894374337699e-13
1.020961264144746937e-13
1.018991238666235065e-13
1.055677258182862858e-13
9.959392578893714240e-14
2.004024480174149669e-13
8.998770683924988126e-14
1.038718894374337951e-13
1.059446880386584278e-13
1.026119734346992734e-13
1.168092948989492566e-13
1.799722222222222491e-13
1.002345916053059156e-13
9.533177874685428082e-14
8.782728552605174895e-14
9.606553932663176072e-14
9.622779959579799898e-14
8.585486517944384005e-14
1.484562340729355696e-13
8.925246161563365497e-14
4.307788584080389967e-14
5.449990994630262800e-14
4.357568837705920127e-14
5.610355105365898152e-14
8.138435919290525040e-14
9.700243438469961396e-14
1.026119734346992608e-13
7.748654443927186587e-14
9.336177068505537011e-14
1.026119734346992608e-13
1.030928635584687780e-13
9.418110324147248712e-14
8.685166801170367276e-14
1.111069822468100721e-13
1.008292648671450045e-13
9.959392578893710453e-14
8.187492349528209052e-14
1.038718894374337573e-13
1.064885271405548463e-13
9.385077281195829694e-14
9.721315591452438046e-14
1.008292648671450424e-13
8.094789904151242736e-14
1.001830305511307729e-13
9.772084075404318430e-14
9.278173934093681584e-14
1.001830305511307855e-13
8.364769857711670378e-14
9.675078829728570435e-14
1.013827284022212497e-13
8.575645566500992580e-14
9.838892965194735006e-14
9.721315591452440571e-14
8.067391066793977588e-14
1.051636589338703276e-13
9.901181116936637398e-14
7.567552851509046059e-14
9.248081724304433290e-14
1.038718894374337951e-13
6.921107182741808389e-14
1.106752092381955148e-13
1.038718894374337699e-13
9.418110324147251236e-14
9.385077281195829694e-14
8.984659869924473869e-14
9.786805323794630538e-14
9.721315591452440571e-14
1.211592836458490764e-13
1.007331350513149482e-13
8.891720246390987556e-14
8.263212814834741911e-14
7.394789866541707577e-14
1.917647146170495797e-13
9.108462582274987316e-14
9.278173934093682846e-14
9.196215643777749805e-14
8.792135904917591712e-14
9.336177068505537011e-14
9.089191665141438837e-14
8.067391066793975063e-14
8.094789904151242736e-14
9.786805323794630538e-14
8.792135904917591712e-14
4.811817046176789310e-14
4.408516286585532454e-14
1.015413656177745342e-13
9.196215643777747281e-14
8.685166801170368538e-14
9.828084998585108896e-14
9.196215643777753592e-14
8.164116289522458496e-14
4.596643928342899776e-14
5.687211613232793245e-14
9.305823202358108409e-14
1.095153882420104787e-13
7.748654443927186587e-14
8.984659869924473869e-14
1.001830305511307729e-13
9.418110324147248712e-14
1.009431133111754088e-13
8.445519640162609561e-14
8.891720246390988818e-14
4.701762165279916434e-14
4.811817046176786786e-14
8.392906483287577805e-14
8.585486517944385267e-14
8.891720246390987556e-14
9.565909354196456842e-14
1.001830305511307729e-13
9.305823202358105885e-14
9.459208912448621419e-14
1.071889573672251269e-13
8.787215883846803668e-14
1.033957529450670281e-13
1.121463363353795792e-13
8.067391066793972539e-14
1.008292648671450045e-13
1.071889573672251521e-13
8.891720246390988818e-14
4.756150972520752414e-14
4.259135766319136829e-14
1.119602688236503267e-13
9.700243438469956347e-14
8.882533174276297877e-14
4.648607027067893314e-14
4.596643928342899776e-14
1.060986123275983407e-13
1.007331350513149230e-13
9.385077281195833481e-14
9.959392578893712978e-14
1.084633349941209273e-13
9.533177874685425558e-14
9.675078829728570435e-14
9.606553932663176072e-14
1.030928635584688032e-13
1.007331350513149482e-13
1.124786845813287551e-13
8.998770683924988126e-14
8.589772318195636404e-14
9.959392578893714240e-14
9.196215643777749805e-14
1.035422346426753064e-13
1.127668079753055762e-13
8.488092612350698925e-14
1.001391506306583136e-13
9.848057024775977733e-14
9.089191665141438837e-14
1.121463363353795666e-13
1.195751670272137568e-13
7.790614071618693048e-14
1.168092948989492314e-13
1.055677258182862858e-13
9.494506651333418869e-14
1.023820557365633438e-13
1.059446880386584278e-13
7.972952234408388781e-14
8.685166801170368538e-14
1.055677258182862984e-13
9.089191665141438837e-14
9.336177068505539535e-14
9.031396434856041402e-14
9.606553932663177334e-14
1.043153738202529472e-13
9.959392578893712978e-14
9.196215643777749805e-14
1.018991238666235065e-13
9.772084075404318430e-14
9.220896215714739358e-14
1.018991238666235191e-13
1.043153738202529724e-13
8.891720246390987556e-14
7.828974602239459526e-14
1.018991238666235191e-13
8.787215883846803668e-14
1.051169619622603158e-13
9.959392578893712978e-14
8.478933353096774549e-14
1.181311091980711780e-13
1.030928635584688032e-13
8.282364509243360990e-14
9.565909354196455580e-14
1.087404402411547112e-13
1.001830305511307729e-13
9.786805323794631800e-14
1.084633349941208642e-13
8.585486517944384005e-14
1.097689481668068304e-13
1.097689481668067925e-13
8.187492349528209052e-14
1.123186514605189138e-13
1.126277036732661623e-13
7.972952234408381208e-14
1.168092948989492314e-13
1.124786845813287424e-13
8.580797504426467136e-14
9.278173934093682846e-14
1.097689481668068430e-13
8.364769857711666592e-14
1.035422346426752812e-13
1.013827284022211866e-13
9.454416182512526601e-14
1.208686622732166557e-13
1.030928635584688032e-13
9.108462582274984792e-14
9.565909354196455580e-14
1.001830305511307855e-13
8.792135904917589188e-14
1.235099499944559787e-13
9.533177874685425558e-14
8.138435919290521253e-14
1.168092948989492566e-13
1.051636589338703149e-13
8.787215883846803668e-14
9.278173934093682846e-14
9.901181116936637398e-14
9.721315591452440571e-14
8.685166801170372324e-14
7.080642153842554785e-14
8.478933353096770763e-14
1.140822159179937911e-13
9.494506651333417607e-14
9.305823202358105885e-14
9.896151870359336541e-14
1.092428801145274406e-13
9.533177874685429344e-14
9.651131920810244667e-14
9.494506651333417607e-14
8.998770683924988126e-14
8.282364509243355941e-14
4.101651632254996529e-14
8.984659869924473869e-14
1.111069822468100468e-13
9.772084075404319692e-14
1.127668079753055131e-13
9.838892965194737530e-14
1.020961264144746937e-13
8.488092612350697663e-14
1.001830305511307855e-13
9.959392578893712978e-14
9.959392578893714240e-14
8.685166801170367276e-14
8.004182874197654569e-14
1.195751670272137316e-13
9.533177874685425558e-14
9.959392578893712978e-14
9.305823202358108409e-14
1.035422346426753064e-13
8.585486517944386529e-14
1.621891176885205645e-13
1.055677258182862984e-13
9.721315591452436784e-14
8.187492349528210314e-14
1.124786845813287551e-13
9.418110324147248712e-14
9.838892965194737530e-14
9.385077281195833481e-14
1.777954424280765793e-13
1.126277036732661749e-13
1.001830305511308107e-13
9.385077281195829694e-14
1.153806470086564673e-13
1.001830305511307729e-13
1.569284536653308040e-13
1.087404402411546734e-13
1.026119734346992608e-13
1.756735472289865515e-13
1.001830305511307855e-13
1.055677258182862858e-13
1.012479895304433635e-13
1.347332982806725165e-13
1.013827284022211866e-13
7.915600346718494253e-14
9.565909354196459366e-14
1.013827284022212497e-13
9.772084075404318430e-14
1.059446880386584531e-13
1.051636589338703276e-13
9.494506651333421393e-14
9.354893565046231383e-14
8.891720246390987556e-14
1.038718894374337699e-13
9.278173934093681584e-14
9.606553932663177334e-14
1.013827284022211866e-13
9.354893565046231383e-14
9.838892965194737530e-14
9.848057024775976471e-14
9.278173934093681584e-14
1.035422346426753064e-13
1.126277036732661623e-13
9.108462582274981005e-14
8.208860942250295610e-14
1.084633349941208642e-13
1.013827284022212119e-13
1.023820557365633312e-13
1.018991238666234812e-13
1.030928635584688032e-13
8.496472899157942003e-14
1.047294542949957941e-13
1.001830305511307855e-13
9.739218541608687426e-14
9.173709028052241114e-14
1.020961264144746937e-13
9.905469383595632938e-14
8.971764244771498089e-14
1.012479895304433635e-13
9.459208912448620157e-14
8.998770683924990650e-14
1.001391506306582757e-13
1.012479895304433635e-13
8.685166801170367276e-14
1.075046860464098592e-13
8.971764244771498089e-14
9.108462582274983530e-14
1.030928635584687780e-13
9.173709028052239851e-14
8.797554369079792990e-14
1.252275434284260732e-13
1.182233964681629662e-13
9.786805323794630538e-14
1.043153738202529472e-13
1.018991238666235443e-13
9.651131920810242142e-14
7.938719112713365409e-14
1.075046860464098213e-13
9.838892965194735006e-14
1.671647585853799329e-13
1.030928635584687780e-13
1.026119734346992608e-13
9.354893565046231383e-14
1.047294542949958067e-13
9.089191665141438837e-14
6.008318748157062370e-14
1.414472392224719187e-13
8.787215883846807455e-14
1.007331350513149861e-13
1.013827284022211866e-13
9.129663978443807666e-14
9.173709028052241114e-14
8.984659869924473869e-14
9.108462582274984792e-14
1.153806470086564673e-13
9.089191665141438837e-14
9.721315591452440571e-14
1.100054699117395388e-13
8.392906483287579067e-14
8.282364509243360990e-14
1.229049209521186701e-13
8.787215883846808717e-14
8.187492349528210314e-14
8.575645566500992580e-14
9.901181116936639922e-14
8.585486517944385267e-14
1.084633349941208894e-13
9.418110324147248712e-14
8.787215883846803668e-14
1.059446880386584152e-13
9.418110324147248712e-14
8.263212814834741911e-14
1.126277036732662002e-13
8.685166801170367276e-14
9.305823202358108409e-14
1.363494907493405118e-13
9.418110324147248712e-14
9.108462582274987316e-14
1.153284188343110254e-13
5.048201687122272297e-14
1.052231524992909615e-13
9.418110324147248712e-14
1.042616086088991300e-13
8.580797504426467136e-14
8.478933353096774549e-14
9.828084998585108896e-14
8.478933353096770763e-14
9.196215643777747281e-14
9.369652808141386710e-14
5.491632365849476845e-14
1.035422346426753064e-13
8.187492349528210314e-14
1.126277036732661623e-13
9.336177068505537011e-14
9.606553932663177334e-14
9.305823202358109672e-14
8.580797504426467136e-14
9.305823202358108409e-14
8.379484274913388373e-14
1.095153882420105039e-13
9.220896215714744406e-14
3.646240256851944509e-14
5.687211613232793245e-14
9.675078829728567911e-14
9.089191665141438837e-14
8.891720246390988818e-14
1.030928635584687780e-13
9.108462582274992365e-14
8.580797504426468398e-14
1.047294542949958067e-13
8.685166801170368538e-14
8.580797504426468398e-14
1.136578922860073077e-13
9.305823202358108409e-14
8.685166801170372324e-14
1.092428801145274406e-13
1.111069822468100847e-13
9.721315591452436784e-14
1.081665174198487221e-13
8.998770683924985601e-14
9.220896215714743144e-14
1.087404402411547112e-13
9.494506651333417607e-14
9.651131920810242142e-14
9.901181116936639922e-14
8.891720246390988818e-14
1.015413656177745342e-13
9.089191665141438837e-14
1.013827284022212497e-13
1.026119734346992355e-13
9.901181116936637398e-14
1.013827284022212119e-13
9.575730533434003937e-14
9.385077281195832218e-14
9.721315591452438046e-14
1.106752092381955022e-13
9.959392578893714240e-14
1.431345863169330974e-13
9.014276948642128491e-14
9.385077281195829694e-14
9.786805323794630538e-14
1.042616086088991931e-13
9.959392578893714240e-14
9.385077281195833481e-14
1.081665174198487221e-13
1.030928635584687780e-13
1.224783568752193814e-13
1.108989713942675577e-13
1.068510455412905053e-13
1.113008485022211530e-13
1.081665174198487473e-13
8.891720246390988818e-14
8.478933353096773287e-14
4.756150972520751783e-14
1.078003468467601714e-13
9.786805323794630538e-14
9.305823202358108409e-14
1.102266151144183781e-13
1.100054699117395641e-13
1.081665174198487095e-13
1.168092948989492314e-13
1.087404402411546734e-13
1.182233964681629662e-13
1.128969551552526378e-13
1.100054699117395388e-13
9.838892965194737530e-14
1.102266151144183528e-13
1.113008485022211530e-13
8.478933353096770763e-14
1.012479895304433256e-13
1.023820557365633312e-13
9.494506651333421393e-14
7.657023713621999359e-14
1.051636589338702897e-13
1.030928635584688158e-13
1.084633349941209021e-13
9.786805323794631800e-14
1.009431133111754088e-13
8.901804366272185819e-14
9.248081724304432028e-14
9.606553932663176072e-14
1.113008485022211530e-13
1.055677258182862858e-13
9.890171428337907696e-14
8.299853129199313350e-14
1.071889573672251269e-13
9.959392578893712978e-14
1.047294542949958067e-13
1.279223734270399125e-13
9.651131920810240880e-14
9.675078829728567911e-14
8.787215883846804930e-14
1.033957529450670407e-13
1.035422346426753064e-13
8.882533174276297877e-14
1.002345916053058904e-13
1.124786845813287551e-13
8.782728552605174895e-14
1.124786845813287424e-13
9.385077281195829694e-14
8.792135904917589188e-14
1.055677258182863236e-13
9.385077281195833481e-14
9.772084075404318430e-14
1.047294542949957562e-13
9.089191665141438837e-14
1.018991238666234812e-13
9.278173934093681584e-14
9.651131920810240880e-14
1.100054699117395767e-13
1.126277036732661623e-13
1.026119734346992608e-13
8.488092612350698925e-14
9.385077281195829694e-14
1.068510455412905306e-13
1.089997339495317337e-13
1.252275434284260732e-13
1.168092948989492566e-13
1.154747795024172719e-13
1.047294542949958067e-13
1.001830305511308107e-13
1.181311091980711780e-13
1.047294542949958067e-13
9.901181116936639922e-14
9.632792861923923714e-14
8.488092612350698925e-14
1.551347341636011788e-13
1.012479895304433382e-13
8.187492349528210314e-14
