1.0283467569039938e-13
1.2086866227321663e-13
1.0238205573656334e-13
9.695573314011028e-14
1.062971848220411e-13
1.181311091980712e-13
1.180501297152259e-13
1.0548037570239652e-13
9.905469383595635e-14
1.347332982806725e-13
1.1148196552076038e-13
1.1022661511441838e-13
9.695573314011028e-14
1.1542931666323388e-13
1.0874044024115469e-13
9.79938118482079e-14
1.1276680797530555e-13
1.1130084850222119e-13
1.1680929489894923e-13
1.264160706763785e-13
1.1022661511441839e-13
1.1417102384613236e-13
9.327205734126108e-14
1.1551734236131317e-13
1.051169619622603e-13
1.1417102384613231e-13
1.0976894816680683e-13
1.2992130816218822e-13
8.782728552605177e-14
9.848057024775976e-14
9.695573314011027e-14
1.1551734236131317e-13
1.0846333499412089e-13
1.0924288011452744e-13
1.1813110919807118e-13
9.848057024775974e-14
1.0874044024115465e-13
1.017308781673397e-13
1.4614931025289808e-13
9.959392578893714e-14
1.1276680797530558e-13
1.1089897139426756e-13
1.1680929489894926e-13
9.565909354196456e-14
1.0594468803865845e-13
1.231432181087587e-13
1.2522754342842605e-13
1.0238205573656338e-13
1.0013915063065831e-13
9.606553932663177e-14
1.2086866227321663e-13
1.0073313505131492e-13
1.1817569632199798e-13
7.800522927548099e-14
1.2946597510810045e-13
1.1110698224681007e-13
1.1130084850222117e-13
