WAVELENGTH=1.55e-06, EFFECTIVE_DISTANCE=3.3e-05, NOMINAL_AC_VOLTAGE=240, POLING_LENGTH=0.3, CORE_INDEX=1.52, NUM_SHOTS=400
Chi-(2) (m/V)
1.067330697430708615e-13
9.874025772360929903e-14
2.846061450913760226e-14
5.041682784951332611e-14
9.690025585575548389e-14
1.053015378800629803e-13
1.101336238991328596e-13
9.153101240635820298e-14
1.122852148946571465e-13
8.306430612914013619e-14
9.494506651333418869e-14
9.632792861923923714e-14
1.099726588371694581e-13
9.658375855650197191e-14
9.925464456709174900e-14
1.022939043353404696e-13
1.092428801145274154e-13
5.073128590112745340e-14
5.804381634108268519e-14
1.116515509622081111e-13
9.882941752866215753e-14
9.122364736016641933e-14
9.733557756732354435e-14
7.403843198014020345e-14
1.119602688236502889e-13
3.442970881686251414e-14
4.307788584080386811e-14
8.251428457246598883e-14
9.470627647215336718e-14
1.273942828243505072e-13
7.926564791987725373e-14
5.844956287438667662e-14
8.750922742121181767e-14
1.050224351987860444e-13
1.092428801145274154e-13
1.178853252873311295e-13
1.139201265935517923e-13
1.374745398572611192e-13
1.188712217353484976e-13
1.141124755086509942e-13
8.408112906536207235e-14
8.835673620199266500e-14
9.311665386352917895e-14
1.050004038234638446e-13
8.685166801170368538e-14
1.018401736077204919e-13
9.241029914263182989e-14
8.685166801170368538e-14
1.064197595731108572e-13
9.588684330748229452e-14
1.050224351987860065e-13
1.512323715915556971e-13
1.044215333829175578e-13
1.027759746566892398e-13
1.177819743493507142e-13
1.037560535651605403e-13
2.941380307585934589e-14
1.105740386352099051e-13
1.092428801145274154e-13
1.053508695097665383e-13
1.036855507250600353e-13
9.835493577601363647e-14
1.312832204778395034e-13
1.176777118687873569e-13
1.138497642966471490e-13
1.113008485022211530e-13
1.015074264307674408e-13
2.567473643946884912e-14
9.244925620161841566e-14
8.067391066793978850e-14
1.024179113498159109e-13
1.021587523173397599e-13
5.350600678994684820e-14
1.284549759229276440e-13
9.568908102479160291e-14
9.369652808141386710e-14
1.055073969289517079e-13
3.552656349467606427e-14
1.232268458016378036e-13
3.129062187775205573e-14
1.168092948989492819e-13
1.053015378800629803e-13
9.406758196631797758e-14
1.177819743493507395e-13
1.125914187424589204e-13
1.230617420428364947e-13
1.141124755086509942e-13
1.047294542949957562e-13
5.709810043657768056e-14
6.977698881624298021e-14
9.744602476991242862e-14
1.003705364268133921e-13
1.075046860464098971e-13
3.351269819631426589e-14
1.197070751481387678e-13
9.444162602873903283e-14
2.013436115116199843e-13
1.227557744758449521e-13
1.139201265935517923e-13
1.149123243209439297e-13
5.755552596465641302e-14
1.159161457330685785e-13
1.055677258182862858e-13
9.615756483811414954e-14
1.298491356096017511e-13
1.108989713942675325e-13
2.688064382812845018e-14
1.198521953129241363e-13
3.264334025344630925e-14
5.081051656407896168e-14
3.998639184541279255e-14
1.198521953129241363e-13
1.022939043353404948e-13
1.243673136195273827e-13
7.734940164844951468e-14
3.078045547241004980e-14
1.047294542949957562e-13
2.820554780067565361e-14
1.027759746566892398e-13
1.024440923644162375e-13
1.329389868572235966e-13
1.229049209521186196e-13
1.462791329457652771e-13
1.386482117784262522e-13
1.388870619773625074e-13
1.121818492736308031e-13
1.044457759841330814e-13
1.206144425147294420e-13
1.150747784630402417e-13
1.016129886668615472e-13
1.060170663675589191e-13
8.938978327819422739e-14
1.121818492736308031e-13
8.379484274913390897e-14
9.995229620127030844e-14
4.341889031322603614e-14
2.941380307585934589e-14
1.006769502540850798e-13
1.178059050347878357e-13
1.136164931506230753e-13
1.050004038234638446e-13
1.239847625569152066e-13
1.158297552210914303e-13
5.161670354241095665e-14
1.102871831170706173e-13
1.099726588371694834e-13
1.342032946284548616e-13
1.149123243209439297e-13
1.636524175151871365e-13
1.037560535651605655e-13
1.120736496605869993e-13
2.688064382812847858e-14
6.542272232297781994e-14
9.546902896830151199e-14
4.507731536393656682e-14
9.606553932663177334e-14
1.030928635584688032e-13
8.749030028507496713e-14
1.056381982696492182e-13
1.168092948989492566e-13
1.029588241289644269e-13
1.000139941820996116e-13
1.372910926898438861e-13
1.037560535651605403e-13
1.263514039269313222e-13
1.401550857104364946e-13
3.129062187775206835e-14
1.208019750127876795e-13
1.501508219261649541e-13
4.701762165279918327e-14
8.234652433596844275e-14
1.068159439449566348e-13
1.027759746566892398e-13
1.129891956078619136e-13
1.157799743134946158e-13
1.168092948989492819e-13
1.098037388957036508e-13
9.024339269827609319e-14
1.096262593888120279e-13
9.517874833510148872e-14
1.053015378800630182e-13
9.071599034749589817e-14
1.231787901512036727e-13
2.957505686666865970e-14
1.250842206204513761e-13
8.745553686385574950e-14
7.026647013788082424e-14
1.285059374487052622e-13
9.114310888458241002e-14
2.911895575761087334e-14
1.086729036589639702e-13
9.675078829728566649e-14
1.060647851068389867e-13
1.130771866772291713e-13
1.084633349941208894e-13
1.087404402411546734e-13
1.118413254575988756e-13
1.017308781673397059e-13
1.011595437175017926e-13
1.200126172048011528e-13
9.244925620161841566e-14
1.101336238991328596e-13
1.022472983511313798e-13
3.202039891422118644e-14
1.026119734346992355e-13
8.891720246390987556e-14
1.047294542949957941e-13
8.685166801170368538e-14
3.974872238008157522e-14
9.179147757250505937e-14
1.060647851068390119e-13
7.443803812168099562e-14
1.108989713942675577e-13
1.038364672598241765e-13
1.118413254575989135e-13
1.122852148946570961e-13
3.028667915691021591e-14
9.690025585575550913e-14
6.575587412907945470e-14
1.219725192822212784e-13
1.227557744758449774e-13
6.209976381749116048e-14
9.626605928905537133e-14
1.110392915512724918e-13
1.374745398572611444e-13
1.250842206204513761e-13
7.461704013772444046e-14
1.118413254575989135e-13
1.075046860464098592e-13
7.963931298518148712e-14
9.917742372991746144e-14
6.921107182741810914e-14
2.646626978333793483e-14
1.096262593888120405e-13
1.038364672598241639e-13
8.971764244771498089e-14
1.195751670272137568e-13
6.806126743901526309e-14
1.214947283728089766e-13
1.484562340729355696e-13
5.707542084160906709e-14
5.237446936795035967e-14
1.306317145649953843e-13
1.016129886668615472e-13
1.203640013037538672e-13
1.102871831170706173e-13
8.891720246390987556e-14
1.196395849775686085e-13
8.938978327819424001e-14
9.311665386352917895e-14
9.399715434961336958e-14
1.020961264144747442e-13
1.378835140272225423e-13
1.168092948989492819e-13
3.129062187775209359e-14
1.442301942531431524e-13
4.885826230774282128e-14
1.259678107982389548e-13
1.050004038234638194e-13
3.304817121363401845e-14
1.101336238991328596e-13
1.122852148946570961e-13
1.008650176964413675e-13
3.506949723641149512e-14
1.060647851068389741e-13
1.068159439449566600e-13
9.261070274838043443e-14
1.038364672598241639e-13
5.285004809603867908e-14
8.225768164747303914e-14
1.120736496605869741e-13
1.135303436774036612e-13
9.035036306146308668e-14
9.259001443229486455e-14
9.002508629719094870e-14
1.177591659680116083e-13
9.999119583396634784e-14
5.011987871565366204e-14
1.176594853201737120e-13
9.349166574071788321e-14
1.039046086430566099e-13
1.061716827479460511e-13
1.053015378800629803e-13
9.199601285678278624e-14
9.775225865758090479e-14
1.007331350513149482e-13
1.339238067530304973e-13
1.262038486276506501e-13
3.358724288087510207e-14
1.253258827216580632e-13
1.016129886668615977e-13
9.882941752866214491e-14
1.072859034583147710e-13
1.128969551552526883e-13
3.202039891422118644e-14
1.217220337465134802e-13
1.008650176964413675e-13
1.075046860464098718e-13
7.477287877586001587e-14
8.971764244771498089e-14
1.052231524992909615e-13
1.102871831170706173e-13
1.044664799439507494e-13
3.562113677217741330e-14
9.959392578893712978e-14
9.139414719328579696e-14
3.304817121363400582e-14
9.707670080903061670e-14
1.010082868625959575e-13
1.022939043353404696e-13
9.754617250477147522e-14
8.954376735360310133e-14
1.055677258182862858e-13
9.369652808141384185e-14
1.189250704606183016e-13
1.070565828534082532e-13
1.000395685202319544e-13
3.531560205248832232e-14
1.248781599384900258e-13
3.669574304139145008e-14
1.050224351987860444e-13
9.644501320274982740e-14
8.074476471629832911e-14
1.157531369586886504e-13
1.076950335550869640e-13
1.015074264307674408e-13
9.122364736016638146e-14
2.592139809788841722e-14
8.685166801170368538e-14
1.157799743134946158e-13
1.207059536908472859e-13
8.685166801170368538e-14
3.469751253190351307e-14
3.857776380854591009e-14
1.385676158279646931e-13
4.346804764606069961e-14
9.915229478372832633e-14
1.236390745761761482e-13
1.224783568752193814e-13
1.119602688236503267e-13
8.026642120550360701e-14
1.008650176964413423e-13
1.128001498687113257e-13
3.365057908357758871e-14
1.250842206204513761e-13
1.158054815705073750e-13
1.474710808683799365e-13
1.092428801145274154e-13
3.004569210813929459e-14
2.667184584967819097e-14
1.210089509756912950e-13
1.099726588371694834e-13
1.108367228109592163e-13
9.882941752866211966e-14
7.607055985509316657e-14
8.747243225853638466e-14
1.104338361344682010e-13
4.715242042104851235e-14
8.504169535120587390e-14
1.266900053953082023e-13
1.026119734346992608e-13
1.259678107982389548e-13
1.197778626916280449e-13
1.032891264505875550e-13
1.289472093882059107e-13
1.068827427484013336e-13
1.178310429496419815e-13
1.554421256123855333e-13
4.122786936111526319e-14
9.596844920860732624e-14
1.168092948989493071e-13
9.639587809477942458e-14
9.675078829728567911e-14
7.101106474632817844e-14
1.072859034583148089e-13
8.891720246390988818e-14
9.919984694228623432e-14
7.734940164844951468e-14
1.090619739868508270e-13
1.291298151415287805e-13
1.099726588371694834e-13
1.125914187424589204e-13
1.244350738195576112e-13
4.208635042513061677e-14
1.157531369586886756e-13
1.299890448006745124e-13
1.044215333829175957e-13
7.667903821343552316e-14
3.762451219519389657e-14
1.024440923644162754e-13
6.977698881624298021e-14
1.309771485147137640e-13
9.835493577601359860e-14
2.867672497963274125e-14
1.351630268383732483e-13
1.020961264144747442e-13
1.113008485022211656e-13
1.407837465419877826e-13
1.077362800149572613e-13
1.004140421823681346e-13
3.624837576578847112e-14
1.124786845813287424e-13
5.606633432053272572e-14
1.227557744758449521e-13
1.285676832687923459e-13
3.292806313869187602e-14
1.262038486276506753e-13
6.220895720341499064e-14
1.370898826458279861e-13
1.087404402411547112e-13
1.250842206204513761e-13
1.257707993383898416e-13
1.317487593289527473e-13
1.027759746566892272e-13
1.241710712114116230e-13
2.405611112877375844e-14
9.997074475984226628e-14
1.371419898334425257e-13
1.177819743493507395e-13
1.065631274483041504e-13
1.058218753085697405e-13
1.178059050347878357e-13
2.911895575761087334e-14
1.259220196232719369e-13
1.099726588371694834e-13
1.098037388957036887e-13
1.000139941820995612e-13
1.146607886562471495e-13
1.232268458016378036e-13
9.035036306146308668e-14
1.448640804836919681e-13
4.109213625750738440e-14
1.031639692946992089e-13
1.295060577356613044e-13
1.053508695097665383e-13
1.118413254575989009e-13
9.999119583396634784e-14
1.102871831170706173e-13
1.305287918746654922e-13
9.426861641670852370e-14
2.709274014016615314e-14
1.247929569851047237e-13
9.114310888458241002e-14
9.842110797287415431e-14
1.146607886562471243e-13
9.959392578893710453e-14
5.361075186978374813e-14
1.157248626820337969e-13
1.006769502540850420e-13
9.167638166388102390e-14
6.980077102883292589e-14
1.039630879407018990e-13
1.178059050347878105e-13
1.114467012866321572e-13
9.519883247202452430e-14
8.765144539407370696e-14
1.393855343950205545e-13
5.048201687122267879e-14
8.685166801170367276e-14
3.331552309599204237e-14
7.845591242453711304e-14
1.044215333829175705e-13
9.444162602873905808e-14
1.007954683035381947e-13
8.249400102056670467e-14
1.053015378800629424e-13
1.019612517126658754e-13
4.418849470913157166e-14
1.197070751481387426e-13
1.041917980084203520e-13
9.414667354525555310e-14
1.301803298346940436e-13
1.096262593888120279e-13
9.690025585575552175e-14
1.137758892155091986e-13
1.038364672598241639e-13
1.189818072291682309e-13
1.435729386826948957e-13
1.189250704606183268e-13
1.157248626820338221e-13
1.474443216997018253e-13
1.068159439449566348e-13
9.421268622124870608e-14
1.138497642966471743e-13
7.423029363683859299e-14
1.217220337465134550e-13
1.024179113498159109e-13
9.229661508694509889e-14
6.921107182741810914e-14
2.628211594769724119e-14
1.030928635584687653e-13
9.779745781598167250e-14
2.567473643946887752e-14
1.336218843980866315e-13
9.790131040285880236e-14
1.082877426739445091e-13
1.038364672598241639e-13
1.084633349941208894e-13
8.757339704802250715e-14
1.028008698068931195e-13
3.208843630274461069e-14
7.947582275359349693e-14
1.087404402411546734e-13
9.675078829728567911e-14
8.962798517141102650e-14
1.158528826437286283e-13
1.118413254575989009e-13
1.070990955056526187e-13
9.690025585575552175e-14
1.027759746566892398e-13
9.421268622124874394e-14
1.016129886668615472e-13
8.178976338438009595e-14
1.029588241289644269e-13
1.433091071733646545e-13
1.072859034583147710e-13
1.372910926898438861e-13
9.707670080903057883e-14
9.878729393419324460e-14
1.222499214810670618e-13
9.360186331416831007e-14
1.177591659680116083e-13
1.146022586015107784e-13
9.311665386352917895e-14
4.307788584080391860e-14
8.835673620199262713e-14
1.010800765520654182e-13
1.168092948989492819e-13
1.178574818094232728e-13
7.644971171725631657e-14
1.177374027486422387e-13
5.419711430448363693e-14
8.755065942190015877e-14
2.774962046733891873e-14
1.351630268383731979e-13
8.061603248785597794e-14
3.177338141471407040e-14
9.874025772360926116e-14
1.085577944886409169e-13
9.765467548937377844e-14
9.575730533434002675e-14
9.421268622124874394e-14
1.123840634051298335e-13
2.980851458970129826e-14
3.155210888235387975e-14
8.898335340641637886e-14
9.721315591452436784e-14
1.115850291787468058e-13
1.188200460119989373e-13
9.444162602873903283e-14
1.243673136195273827e-13
1.126984322813571817e-13
5.598586797486788462e-14
1.352209921232631909e-13
1.115850291787468058e-13
1.013470267975595395e-13
1.230617420428364947e-13
1.230617420428364947e-13
8.840957690471165412e-14
9.379388597615603348e-14
1.121818492736308283e-13
1.066565275124821592e-13
1.208019750127876542e-13
1.029588241289643891e-13
9.923815426819961230e-14
6.973474960196223142e-14
1.020961264144746937e-13
9.959392578893712978e-14
1.255296197209895045e-13
9.298671938480066407e-14
1.195751670272137568e-13
1.246821135384112719e-13
8.611841037398849079e-14
1.537084423836844996e-13
7.035230427781650220e-14
9.799381184820795491e-14
1.000395685202319418e-13
4.635506083204187353e-14
8.830736239329047889e-14
1.178310429496419815e-13
1.061716827479460511e-13
9.167638166388104915e-14
1.618943843093402532e-13
9.799381184820794229e-14
8.752931070957770051e-14
1.554421256123854576e-13
1.141124755086509690e-13
8.475688093769303607e-14
1.158749431550086838e-13
1.038364672598241260e-13
1.099726588371694455e-13
1.139872208419616926e-13
1.421172229101329714e-13
1.188200460119989120e-13
8.874128549188919212e-14
1.060647851068389867e-13
7.483366007622271196e-14
1.003314139595217274e-13
2.688064382812847858e-14
1.239847625569152066e-13
3.466156450005653283e-14
1.150747784630402417e-13
1.157799743134946158e-13
1.042291267359856358e-13
4.811817046176791204e-14
1.284549759229276440e-13
8.750922742121181767e-14
7.143992390195285430e-14
1.036855507250600606e-13
7.113442366787705781e-14
8.817693606728304996e-14
3.151159561627939386e-14
8.370822407193652424e-14
1.087404402411546860e-13
4.341889031322601721e-14
9.199601285678281148e-14
1.364206664801588142e-13
1.704449187482704289e-13
1.068159439449566348e-13
5.799908254615740339e-14
1.324740324879497701e-13
6.734938699353167010e-14
8.026642120550360701e-14
1.238076519464377563e-13
4.158501875384474244e-14
5.244898865200455607e-14
1.039630879407018737e-13
9.848057024775976471e-14
1.119602688236503267e-13
8.563648665210131870e-14
1.102871831170706173e-13
1.115850291787467931e-13
7.303382355749119999e-14
6.420676792801834810e-14
1.016129886668615472e-13
1.003314139595217274e-13
3.857776380854591009e-14
1.032891264505875424e-13
1.130771866772291966e-13
3.953055082666425436e-14
1.016129886668615472e-13
3.202039891422118644e-14
8.946450854966271681e-14
1.077136407820158301e-13
1.039630879407018990e-13
3.639627895592991558e-14
1.104338361344682389e-13
1.016129886668615851e-13
1.075046860464098339e-13
8.330638426803076004e-14
1.136982315515371197e-13
1.105968083609598012e-13
2.783141556965515630e-14
1.101336238991328596e-13
9.615756483811414954e-14
1.070565828534082532e-13
1.201908957292308589e-13
1.030928635584688032e-13
1.168092948989492566e-13
1.292925776854203709e-13
1.026119734346992355e-13
9.878729393419323198e-14
1.313402968435494849e-13
8.493759800250220908e-14
1.083666875388430974e-13
1.190416707847603486e-13
8.995843138108196773e-14
1.095804753452733188e-13
1.147162944849865229e-13
9.311665386352916633e-14
1.102871831170705920e-13
9.626605928905537133e-14
1.017308781673396680e-13
2.992663283298862833e-14
9.122364736016640671e-14
9.660570273219900364e-14
1.006769502540850672e-13
8.750922742121181767e-14
9.690025585575554699e-14
1.026119734346992734e-13
8.752931070957770051e-14
1.212385597005035205e-13
1.199303461653139445e-13
1.128969551552526883e-13
4.686450954781337778e-14
1.134394161529140458e-13
9.122364736016633098e-14
1.442301942531431020e-13
1.179456989593903144e-13
9.100537738403316591e-14
1.308959088223097256e-13
8.113795400735007369e-14
9.835493577601361122e-14
1.407530427736150650e-13
8.238966939115031150e-14
1.139201265935517923e-13
6.061574057201268063e-14
9.660570273219902888e-14
3.155210888235391130e-14
1.156301635088459399e-13
4.713108487861625964e-14
1.257433447319544295e-13
1.178574818094233233e-13
1.113008485022211909e-13
1.097382215571082816e-13
9.519883247202452430e-14
1.044457759841330814e-13
1.036040374247588796e-13
1.554421256123855333e-13
1.189250704606183268e-13
1.208019750127876542e-13
8.962798517141102650e-14
1.264523768709940560e-13
9.790131040285880236e-14
2.911895575761087334e-14
1.168092948989492819e-13
1.101336238991328596e-13
4.005824918031419207e-14
3.386343866834679498e-14
1.009431133111753962e-13
3.442970881686250152e-14
9.439470574389310178e-14
1.168092948989492819e-13
1.235846726455418994e-13
3.730973209391218540e-14
1.177819743493507142e-13
1.232268458016377784e-13
1.137758892155091733e-13
9.468526519543588320e-14
1.434770615918472015e-13
3.562113677217741330e-14
1.168092948989492566e-13
9.733557756732354435e-14
9.835493577601359860e-14
8.078650229841106132e-14
1.186807044856247217e-13
1.060170663675589065e-13
1.057449082465544866e-13
1.077136407820158553e-13
2.774962046733892188e-14
9.690025585575552175e-14
1.024440923644162375e-13
1.090619739868508270e-13
1.117163998991141636e-13
4.272001788934333474e-14
9.959392578893716764e-14
9.632792861923922452e-14
1.097382215571082563e-13
1.066565275124821592e-13
1.301803298346940436e-13
1.060647851068389741e-13
1.268232609474551955e-13
4.083335629550968976e-14
1.083666875388431227e-13
1.003705364268133921e-13
1.309771485147137640e-13
9.721315591452438046e-14
3.386343866834679498e-14
9.842110797287415431e-14
9.807672675150307139e-14
1.238076519464377311e-13
4.147446771013611721e-14
9.775225865758090479e-14
1.168092948989492819e-13
8.765144539407371959e-14
1.107082070743791232e-13
1.187713490813732980e-13
1.100808177903131358e-13
2.665302510914831581e-14
8.830736239329044102e-14
1.168092948989492314e-13
1.090825007680653629e-13
1.196395849775685833e-13
1.235846726455418994e-13
1.030928635584688032e-13
9.369652808141384185e-14
2.457246991580459150e-14
9.167638166388102390e-14
9.959392578893712978e-14
7.235562865924425404e-14
1.168092948989492566e-13
9.690025585575552175e-14
9.703479275453949797e-14
1.139872208419616926e-13
4.418849470913156535e-14
1.370898826458279357e-13
7.337847636763770258e-14
1.148668419418423163e-13
3.963094636336018524e-14
1.248781599384900006e-13
1.117163998991141383e-13
1.085843914103865729e-13
1.279223734270399125e-13
1.188200460119989373e-13
9.241029914263182989e-14
1.198521953129241363e-13
1.168092948989492566e-13
1.050224351987860444e-13
8.523902900681303462e-14
2.567473643946886174e-14
1.077362800149572613e-13
9.519883247202452430e-14
9.615756483811414954e-14
1.213887854266747053e-13
8.299853129199314612e-14
1.262038486276506501e-13
4.596643928342899776e-14
9.108462582274984792e-14
1.114467012866321193e-13
4.457157027452646746e-14
9.358118122515919057e-14
4.659141386832483769e-14
7.109146727510919253e-14
1.230617420428364695e-13
1.090354215917906835e-13
3.963094636336019786e-14
1.039630879407018990e-13
1.187713490813733485e-13
9.153101240635817773e-14
9.379388597615603348e-14
6.534823075656126413e-14
1.146022586015107784e-13
7.947582275359348431e-14
3.689814393076851831e-14
9.494506651333421393e-14
1.000139941820996116e-13
1.053015378800629929e-13
1.041917980084203520e-13
8.685166801170367276e-14
8.606651354166271615e-14
1.075046860464098718e-13
6.651466907210987388e-14
9.728815145840783527e-14
8.318934123499775919e-14
2.667184584967822568e-14
1.018633881641862291e-13
1.178059050347878357e-13
3.581180473522531622e-14
1.090619739868508396e-13
1.115850291787468058e-13
4.578581113979896016e-14
1.110392915512724539e-13
3.247486131764727113e-14
6.980077102883292589e-14
9.494506651333418869e-14
1.050224351987860444e-13
9.071599034749589817e-14
1.053508695097665509e-13
3.181800940503271387e-14
9.414667354525557835e-14
1.016129886668615472e-13
9.494506651333421393e-14
1.026119734346992608e-13
9.959392578893712978e-14
1.253258827216580632e-13
9.046430069864925461e-14
1.158054815705074003e-13
1.138497642966471743e-13
1.050224351987860444e-13
1.131612154024347242e-13
4.558429888072901693e-14
1.017308781673396680e-13
1.014123539933122259e-13
1.092428801145274785e-13
1.008650176964413675e-13
1.222499214810670618e-13
1.239847625569151814e-13
1.026119734346992734e-13
1.113008485022211656e-13
1.313402968435495354e-13
9.167638166388102390e-14
8.126638383256106521e-14
1.168092948989492819e-13
9.707670080903057883e-14
3.187172899579001845e-14
1.147162944849865229e-13
1.157248626820337716e-13
1.354425397190152667e-13
3.045768625434358371e-14
1.099726588371694581e-13
3.881161929019440480e-14
1.110392915512725044e-13
1.224001096490840301e-13
9.660570273219904151e-14
1.227557744758449774e-13
1.134394161529140332e-13
1.006769502540850293e-13
1.234784282063101743e-13
1.123597584742520877e-13
8.043570235720242770e-14
1.128001498687113131e-13
1.114467012866321446e-13
1.207059536908473363e-13
1.077362800149572866e-13
9.494506651333422656e-14
9.690025585575550913e-14
1.238076519464377563e-13
1.198521953129241363e-13
1.188200460119989373e-13
1.036855507250600353e-13
2.709274014016618154e-14
9.775225865758094266e-14
1.101336238991328848e-13
1.092428801145274406e-13
1.024640489338352030e-13
1.087404402411546860e-13
1.018401736077204792e-13
9.882941752866211966e-14
1.400332930186313968e-13
1.168092948989492566e-13
1.157248626820337969e-13
1.241710712114116230e-13
9.575730533434000151e-14
1.026119734346992734e-13
2.916393107349573255e-14
2.752714574273742623e-14
1.056381982696492056e-13
1.107516558377449684e-13
1.068159439449566726e-13
8.912923663477878184e-14
1.285059374487052369e-13
1.179146883729080689e-13
7.880718924131084888e-14
1.000139941820995738e-13
3.963094636336019786e-14
1.031639692946992468e-13
8.238966939115029888e-14
1.149123243209439297e-13
8.609334883286831760e-14
1.032080371060812841e-13
1.029588241289643891e-13
1.237789801292748502e-13
1.388650271361112581e-13
3.857776380854594165e-14
1.146022586015107784e-13
1.124786845813287172e-13
1.100339223132770621e-13
4.439047309821742118e-14
1.000139941820995738e-13
1.222256711599288923e-13
1.068159439449566222e-13
1.031639692946992089e-13
1.273442216521763588e-13
4.483882177819370617e-14
1.177819743493507395e-13
1.301803298346940184e-13
1.257433447319544295e-13
1.138497642966471743e-13
6.810652065029606861e-14
1.159161457330685533e-13
9.721315591452436784e-14
1.178059050347878357e-13
1.292336575224116990e-13
1.110392915512724665e-13
1.129891956078618884e-13
2.867672497963272231e-14
3.129062187775209359e-14
1.030928635584688158e-13
1.474443216997018001e-13
1.393855343950205545e-13
1.039046086430565846e-13
1.376424769377854401e-13
1.241710712114116482e-13
1.158749431550086334e-13
9.179147757250503412e-14
1.003314139595217021e-13
8.755065942190019663e-14
1.130771866772291966e-13
1.047294542949958067e-13
1.321254841399964500e-13
2.980851458970129826e-14
1.033957529450670659e-13
3.227129304019919535e-14
7.580205090526283448e-14
1.018401736077204792e-13
3.252615591119713816e-14
3.597686951319694923e-14
1.064197595731108824e-13
3.469751253190353831e-14
1.120736496605870119e-13
1.188712217353484976e-13
9.959392578893716764e-14
1.291542026986422265e-13
1.189818072291682056e-13
1.199303461653139697e-13
9.517874833510148872e-14
1.129891956078618757e-13
1.104338361344682010e-13
1.168092948989492314e-13
9.997074475984227890e-14
1.120736496605869741e-13
9.821919827644855701e-14
1.030379864027304985e-13
1.036040374247588922e-13
1.136164931506230500e-13
1.184529060125354259e-13
3.129062187775209359e-14
1.096262593888120405e-13
9.648219787323696113e-14
1.142808112533417133e-13
1.033957529450670407e-13
1.196395849775686085e-13
1.095804753452732809e-13
3.078045547241004980e-14
1.050224351987860444e-13
8.026642120550363225e-14
4.381196574047647931e-14
1.218441628816204809e-13
9.999119583396634784e-14
1.150368305805293896e-13
3.552656349467605796e-14
1.168092948989492819e-13
1.061716827479460132e-13
9.444162602873903283e-14
1.168092948989492314e-13
1.064197595731108824e-13
1.136982315515371449e-13
3.331552309599204868e-14
8.603770928407063674e-14
1.125914187424589204e-13
3.105470934028037243e-14
1.221075917168323081e-13
1.188712217353484724e-13
9.379388597615603348e-14
1.102871831170706173e-13
1.004140421823681094e-13
1.273442216521763588e-13
1.032891264505875045e-13
2.567473643946884912e-14
8.475688093769302345e-14
1.186807044856246965e-13
1.200993430893527340e-13
4.891982756116227061e-14
1.059726404731264527e-13
1.120736496605870119e-13
2.667184584967822568e-14
1.446229635373670975e-13
8.618455247672837860e-14
1.219725192822213037e-13
1.390883530668664792e-13
6.259419409486497032e-14
1.387729595102322821e-13
1.466373798481956831e-13
3.794466004921414225e-14
1.035087159338713646e-13
1.136982315515371701e-13
1.139201265935517923e-13
1.268232609474552208e-13
1.188200460119989373e-13
1.354425397190153172e-13
9.448117452818368254e-14
1.121818492736308283e-13
1.029588241289643891e-13
5.837399509883172700e-14
1.101336238991328596e-13
3.129062187775209359e-14
7.457943557939959485e-14
1.186384520487345780e-13
3.181800940503274542e-14
1.049814541156240005e-13
1.122852148946570961e-13
1.108989713942675577e-13
1.186807044856246460e-13
3.351269819631426589e-14
1.136164931506230879e-13
1.007954683035381442e-13
9.421268622124873132e-14
1.149971850953190960e-13
1.036855507250600606e-13
1.053015378800629929e-13
1.003705364268134047e-13
7.941966621341581751e-14
8.817693606728302472e-14
1.217220337465135054e-13
1.007331350513149608e-13
6.629015821435534118e-14
1.150747784630402164e-13
1.030928635584687653e-13
1.178310429496419562e-13
1.055677258182862605e-13
1.189250704606183016e-13
5.655405462334837530e-14
9.703479275453949797e-14
8.821773470119258983e-14
3.157849849388718484e-14
9.997074475984230415e-14
1.158528826437286031e-13
1.285059374487052369e-13
9.882941752866214491e-14
9.959392578893714240e-14
1.104338361344682010e-13
1.058218753085697405e-13
1.087404402411546734e-13
6.921107182741810914e-14
1.006769502540850798e-13
1.055677258182862858e-13
1.056381982696492056e-13
1.447391126092199909e-13
1.177819743493507142e-13
1.008650176964413675e-13
1.101336238991328596e-13
8.962798517141098863e-14
1.157248626820337716e-13
1.024640489338352030e-13
1.068827427484013589e-13
4.019238758028542205e-14
1.222499214810670618e-13
1.168092948989492566e-13
1.403449762173933780e-13
