WAVELENGTH=1.55e-06, EFFECTIVE_DISTANCE=3.3e-05, NOMINAL_AC_VOLTAGE=240, POLING_LENGTH=0.3, CORE_INDEX=1.52, NUM_SHOTS=500
Chi-(2) (m/V)
1.075046860464098339e-13
1.759358578063719896e-13
5.250946989733530289e-14
1.556428559677641869e-13
1.574829769301651247e-13
1.428909938779655861e-13
1.642972865830506424e-13
3.586940452151500680e-14
1.260257011064830243e-13
1.573115988012847862e-13
1.192428399074451572e-13
1.688414280535265837e-13
1.445147315724319251e-13
1.235846726455418489e-13
1.684089285716586219e-13
1.512323715915556971e-13
1.717594288457711931e-13
1.583023666193457106e-13
1.512323715915556971e-13
1.477231098182139677e-13
1.654452722502405225e-13
1.679414495030193395e-13
1.799722222222221734e-13
1.574829769301650995e-13
1.654452722502405225e-13
1.654452722502405225e-13
1.717594288457711931e-13
1.501508219261649794e-13
1.759358578063719896e-13
1.565991165637270628e-13
1.688414280535265837e-13
1.799722222222222491e-13
1.512323715915556971e-13
1.684089285716586219e-13
1.662808215564631355e-13
3.129062187775209991e-14
1.799722222222222491e-13
1.533045210146305054e-13
1.556428559677641364e-13
1.400332930186314473e-13
1.642972865830506171e-13
4.005824918031420469e-14
1.654452722502405983e-13
8.164116289522455971e-14
1.244350738195575860e-13
1.556428559677641869e-13
1.356982453688462410e-13
1.720858515272930799e-13
1.636524175151871113e-13
1.762395526407802721e-13
1.799722222222222491e-13
1.512323715915557476e-13
1.400332930186314473e-13
1.799722222222222491e-13
1.714048134111287748e-13
1.799722222222222491e-13
1.471288372586183681e-13
1.679414495030193395e-13
1.757646920683327610e-13
1.688414280535265837e-13
3.247486131764723327e-14
1.565991165637270628e-13
1.533045210146305054e-13
1.679414495030193395e-13
1.445147315724318746e-13
1.556428559677641364e-13
1.565991165637270880e-13
1.720858515272930799e-13
1.385112561290633830e-13
1.799722222222222491e-13
3.914383141778487131e-14
1.458719204537522334e-13
1.414472392224719187e-13
1.522381039902424127e-13
1.556428559677641111e-13
1.244350738195575860e-13
1.477231098182139677e-13
1.668830781715489039e-13
1.608147929201855149e-13
4.134623389961590819e-14
1.356982453688462410e-13
1.629521797103390237e-13
1.717594288457712183e-13
1.193983827997647069e-13
4.596643928342902932e-14
1.714048134111288000e-13
1.546049079787294246e-13
1.501508219261649794e-13
1.615275376328821544e-13
1.608147929201855401e-13
1.720858515272930799e-13
1.239847625569151562e-13
1.642972865830506424e-13
1.621891176885205898e-13
6.622806452640706554e-14
1.442301942531431020e-13
1.757646920683327610e-13
1.552086201332598095e-13
1.757646920683327863e-13
1.688414280535265837e-13
1.757646920683327610e-13
1.542918628654115609e-13
1.489845299497930722e-13
1.330004150579425489e-13
1.688414280535265837e-13
1.636524175151871365e-13
1.574829769301650995e-13
1.726665778939692769e-13
1.445147315724319251e-13
1.762395526407801964e-13
1.799722222222222491e-13
1.522381039902424127e-13
1.608147929201855401e-13
1.510827003737315675e-13
1.285676832687923964e-13
5.414071588752549387e-14
1.714048134111287748e-13
1.414472392224718682e-13
1.542918628654115609e-13
4.219425542809241469e-14
1.608147929201854644e-13
3.375241616649837286e-14
3.513478858737091769e-14
1.471288372586183681e-13
1.615275376328821544e-13
1.679414495030193395e-13
1.717594288457711678e-13
1.301127514814227301e-13
7.051087071454493389e-14
1.799722222222222491e-13
1.684089285716586471e-13
1.615275376328821544e-13
1.471288372586183934e-13
1.679414495030193395e-13
1.654452722502404720e-13
1.533045210146304801e-13
1.304106365446863753e-13
1.096864101147217445e-13
1.799722222222222491e-13
1.522381039902424127e-13
9.071599034749587293e-14
1.679414495030193395e-13
1.759358578063719896e-13
1.688414280535265837e-13
1.717594288457712183e-13
1.574829769301651247e-13
1.799722222222222491e-13
1.648931071076114261e-13
1.562257870968536804e-13
1.755783659763014814e-13
1.799722222222222491e-13
3.513478858737089875e-14
1.799722222222222491e-13
1.430447419280451634e-13
3.513478858737091769e-14
1.668830781715489039e-13
1.501508219261649794e-13
1.717594288457711678e-13
1.799722222222222491e-13
4.053170632516530416e-14
1.759358578063719391e-13
1.799722222222222491e-13
1.458719204537522334e-13
1.428909938779655861e-13
1.723873153826317143e-13
1.636524175151871365e-13
1.636524175151871113e-13
4.005824918031422362e-14
1.674345670063603812e-13
1.799722222222222491e-13
1.556428559677641364e-13
1.414472392224719187e-13
1.799722222222222491e-13
1.583023666193457106e-13
1.533045210146304801e-13
5.620481854889711716e-14
1.642972865830506424e-13
1.608147929201854644e-13
1.613543736104059304e-13
1.674345670063603812e-13
1.717594288457711931e-13
1.546049079787293742e-13
1.760936411900487135e-13
1.556428559677641111e-13
1.757646920683327863e-13
4.307788584080391860e-14
1.714048134111287748e-13
1.668830781715489039e-13
1.717594288457711678e-13
1.430447419280451886e-13
1.717594288457711678e-13
1.534743238995971721e-13
1.679414495030193395e-13
1.757646920683327863e-13
1.377967912150160753e-13
1.592100563513973962e-13
3.914383141778485869e-14
1.330004150579425489e-13
1.533045210146304801e-13
3.073035352822267414e-14
1.414472392224719187e-13
1.688414280535265837e-13
1.501508219261649289e-13
1.542918628654115609e-13
1.442301942531431272e-13
1.720858515272930799e-13
1.400332930186314473e-13
1.122341158568949858e-13
4.927165938570529030e-14
1.372910926898438356e-13
1.565991165637270880e-13
1.039630879407018990e-13
1.330004150579425489e-13
1.679414495030193395e-13
1.799722222222222239e-13
1.565991165637270628e-13
1.759358578063719896e-13
1.757646920683327863e-13
1.759358578063719896e-13
1.542918628654115862e-13
1.482962183463681955e-13
1.489845299497931480e-13
5.491632365849480631e-14
1.304106365446863248e-13
4.399942246314951939e-14
1.583023666193457106e-13
1.757646920683327610e-13
1.542918628654115609e-13
1.674345670063603307e-13
1.615275376328821544e-13
1.642972865830506171e-13
1.692427333103843033e-13
1.799722222222222491e-13
5.048201687122272297e-14
1.753747719504599775e-13
1.762395526407802721e-13
1.714048134111287748e-13
1.363494907493405118e-13
3.914383141778490286e-14
1.471288372586183681e-13
1.760936411900487135e-13
1.654452722502405225e-13
7.247763276205173354e-14
1.636524175151871365e-13
1.755783659763014814e-13
1.648931071076114261e-13
1.720858515272931051e-13
1.583023666193457106e-13
4.134623389961592712e-14
1.759358578063719896e-13
1.759358578063719896e-13
1.714048134111287748e-13
1.574829769301650995e-13
3.375241616649835393e-14
1.763748835140447075e-13
1.583023666193457106e-13
1.720858515272930294e-13
1.330004150579425489e-13
1.565991165637270628e-13
1.583023666193457106e-13
1.312171957057885019e-13
7.369558860673876218e-14
5.048201687122266617e-14
1.654452722502405225e-13
1.674345670063603307e-13
1.552086201332597591e-13
1.642972865830506171e-13
1.471288372586183429e-13
1.642972865830506171e-13
1.292925776854203204e-13
1.292925776854203204e-13
1.688414280535265837e-13
1.442301942531431777e-13
1.600447046359216813e-13
1.688414280535265837e-13
1.799722222222222239e-13
1.799722222222222491e-13
1.600447046359216308e-13
5.755552596465642564e-14
1.615275376328821544e-13
3.586940452151496262e-14
1.755783659763014814e-13
1.260257011064830243e-13
1.684089285716586219e-13
1.755783659763015318e-13
1.799722222222222239e-13
1.195751670272137568e-13
1.372910926898438356e-13
1.552086201332597843e-13
1.684089285716586219e-13
1.442301942531431020e-13
1.688414280535265837e-13
1.710181872871483905e-13
1.574829769301650995e-13
1.717594288457711678e-13
1.428909938779655861e-13
1.759358578063719896e-13
1.755783659763014814e-13
1.512323715915556971e-13
1.726665778939692264e-13
3.974872238008156891e-14
1.755783659763015318e-13
1.583023666193457611e-13
1.574829769301651499e-13
3.827031442638975522e-14
1.654452722502405225e-13
1.720858515272930799e-13
1.304106365446863248e-13
1.679414495030193647e-13
1.659584121581581699e-13
1.556428559677641111e-13
1.232268458016378289e-13
8.330638426803079790e-14
3.899548060236326067e-14
1.428909938779655861e-13
3.899548060236326067e-14
1.565991165637270628e-13
1.668830781715488786e-13
6.524422885990292017e-14
4.202187259667193876e-14
1.330004150579425489e-13
1.608147929201854644e-13
1.608147929201855149e-13
1.759358578063719896e-13
1.512323715915556971e-13
1.799722222222222491e-13
1.583023666193456853e-13
1.799722222222222491e-13
1.726665778939692769e-13
1.799722222222222491e-13
1.489845299497931227e-13
5.649944292415183644e-14
1.717594288457711931e-13
1.642972865830506171e-13
5.637016381901982080e-14
1.119602688236503267e-13
1.762395526407802721e-13
1.489845299497930975e-13
1.414472392224719440e-13
4.732687672284824797e-14
1.590640970882992019e-13
4.641111692487495416e-14
1.757646920683327610e-13
9.959392578893714240e-14
1.799722222222222491e-13
1.574829769301650995e-13
1.692427333103843033e-13
1.445147315724319251e-13
1.760936411900487135e-13
1.573115988012847862e-13
1.574829769301651247e-13
1.542918628654115862e-13
1.762395526407802721e-13
1.542918628654115609e-13
1.688414280535265837e-13
1.583023666193457106e-13
1.654452722502405225e-13
1.642972865830506424e-13
1.573115988012847862e-13
1.321254841399965005e-13
1.799722222222222491e-13
1.755783659763015318e-13
1.304106365446863248e-13
1.799722222222222491e-13
1.613543736104059556e-13
1.648931071076114261e-13
1.760936411900486882e-13
1.755783659763015318e-13
1.762395526407802721e-13
1.799722222222222491e-13
1.799722222222222491e-13
8.067391066793975063e-14
1.723873153826317143e-13
1.471288372586183429e-13
1.799722222222222491e-13
1.621891176885205898e-13
1.428909938779655861e-13
1.608147929201855149e-13
1.510827003737315927e-13
1.654452722502405983e-13
1.679414495030193395e-13
1.573115988012848114e-13
1.471288372586183681e-13
1.762395526407803226e-13
1.799722222222222491e-13
3.375241616649837286e-14
1.608147929201854644e-13
1.753747719504599270e-13
1.705950104392907153e-13
1.753747719504599775e-13
1.799722222222222491e-13
1.662808215564631355e-13
1.760936411900487135e-13
1.400332930186314473e-13
1.363494907493405118e-13
1.642972865830506424e-13
1.522381039902423875e-13
1.428909938779655861e-13
1.477231098182139677e-13
4.219425542809241469e-14
1.556428559677641364e-13
1.608147929201854644e-13
3.442970881686252045e-14
1.799722222222221734e-13
1.753747719504599775e-13
1.330004150579425237e-13
1.757646920683327863e-13
1.799722222222222239e-13
1.477231098182139677e-13
9.959392578893710453e-14
4.701762165279917696e-14
1.674345670063603812e-13
1.442301942531431272e-13
1.668830781715489039e-13
1.501508219261649794e-13
7.423029363683854251e-14
1.144750801875398386e-13
1.477231098182139677e-13
5.048201687122266617e-14
1.753747719504599775e-13
1.759358578063719896e-13
1.592100563513973962e-13
1.757646920683327863e-13
1.705950104392906901e-13
1.759358578063719896e-13
1.385112561290633830e-13
1.799722222222222491e-13
1.414472392224719440e-13
1.674345670063603307e-13
1.759358578063719896e-13
4.596643928342904825e-14
3.743500869038148396e-14
1.799722222222222491e-13
1.414472392224719187e-13
1.629521797103390742e-13
4.005824918031417945e-14
1.799722222222222491e-13
1.546049079787294246e-13
1.498266672380268044e-13
1.636524175151871365e-13
1.679414495030193395e-13
1.565991165637270628e-13
1.799722222222222491e-13
1.679414495030193395e-13
1.717594288457711678e-13
1.608147929201855401e-13
1.760936411900487135e-13
4.219425542809241469e-14
1.430447419280451886e-13
1.428909938779655861e-13
1.717594288457711678e-13
1.684089285716586219e-13
1.656204456989752104e-13
1.556428559677641869e-13
1.510827003737315927e-13
1.642972865830506171e-13
1.717594288457711678e-13
1.615275376328821796e-13
1.573115988012847862e-13
1.717594288457711931e-13
3.663545588685309330e-14
1.501508219261649794e-13
1.757646920683327610e-13
1.574829769301650995e-13
1.629521797103389732e-13
1.799722222222222239e-13
1.755783659763014561e-13
1.757646920683327610e-13
3.663545588685307436e-14
1.714048134111287748e-13
1.668830781715489291e-13
1.489845299497930975e-13
4.496136517036204025e-14
1.684089285716586219e-13
4.641111692487494153e-14
1.710181872871483652e-13
1.648931071076114008e-13
1.755783659763014814e-13
1.799722222222222491e-13
1.717594288457711678e-13
1.799722222222222491e-13
1.710181872871483400e-13
1.574829769301651247e-13
9.494506651333418869e-14
1.621891176885205898e-13
1.760936411900487135e-13
5.030546749485174958e-14
5.368582226413721014e-14
1.679414495030193395e-13
1.714048134111287748e-13
4.535805827931343661e-14
1.799722222222222239e-13
1.679414495030193395e-13
1.751513927500063049e-13
1.636524175151871113e-13
1.799722222222222491e-13
1.757646920683327610e-13
4.811817046176787417e-14
1.556428559677641364e-13
1.799722222222222239e-13
1.759358578063719896e-13
1.799722222222222491e-13
1.285676832687923712e-13
1.714048134111287748e-13
1.363494907493405118e-13
5.138375582946423578e-14
1.679414495030193395e-13
1.705950104392906901e-13
1.592100563513973962e-13
3.914383141778487762e-14
1.556428559677641869e-13
3.914383141778490286e-14
1.799722222222221734e-13
4.927165938570530292e-14
1.720858515272930799e-13
1.759358578063719391e-13
1.757646920683327610e-13
1.757646920683327610e-13
1.662808215564631608e-13
1.710181872871483652e-13
6.046261655588546340e-14
1.428909938779655861e-13
1.757646920683327610e-13
3.743500869038148396e-14
1.799722222222222491e-13
1.522381039902424127e-13
1.759358578063719896e-13
1.583023666193457611e-13
1.723873153826317143e-13
1.684089285716586219e-13
1.720858515272930799e-13
1.799722222222222239e-13
4.811817046176793097e-14
1.679414495030193395e-13
4.496136517036202131e-14
3.827031442638973629e-14
5.637016381901981449e-14
7.247763276205173354e-14
3.827031442638975522e-14
1.759358578063719896e-13
1.546049079787294246e-13
1.674345670063603307e-13
4.418849470913158429e-14
1.621891176885205898e-13
1.398861516910190705e-13
1.648931071076114513e-13
1.662808215564631608e-13
1.679414495030193395e-13
1.753747719504599775e-13
1.705950104392907153e-13
1.428909938779655861e-13
1.714048134111287748e-13
1.755783659763014561e-13
1.674345670063603812e-13
1.668830781715489039e-13
1.757646920683327863e-13
1.714048134111287748e-13
1.799722222222222491e-13
1.674345670063604064e-13
8.874128549188919212e-14
4.701762165279915803e-14
1.510827003737315675e-13
1.753747719504599270e-13
4.005824918031417945e-14
1.757646920683327610e-13
8.119861516603491266e-14
5.250946989733527765e-14
1.755783659763015318e-13
1.759358578063719896e-13
5.491632365849476214e-14
1.600447046359216561e-13
1.674345670063603307e-13
1.600447046359216561e-13
1.510827003737315927e-13
1.608147929201854644e-13
8.119861516603491266e-14
1.668830781715489039e-13
1.799722222222222491e-13
3.974872238008156891e-14
1.168092948989492314e-13
1.717594288457711678e-13
1.755783659763014561e-13
1.799722222222222491e-13
1.799722222222222491e-13
1.714048134111288000e-13
1.760936411900487135e-13
1.600447046359216561e-13
1.799722222222222491e-13
1.799722222222222491e-13
3.914383141778485869e-14
7.947582275359347169e-14
1.799722222222222491e-13
8.685166801170368538e-14
1.414472392224719187e-13
1.668830781715489039e-13
1.714048134111287748e-13
1.714048134111287748e-13
1.368681984403978801e-13
3.442970881686250152e-14
1.799722222222222491e-13
1.760936411900487640e-13
1.757646920683327610e-13
1.642972865830506424e-13
1.642972865830506424e-13
1.799722222222222491e-13
4.053170632516530416e-14
1.629521797103390742e-13
1.759358578063719896e-13
1.221075917168323081e-13
1.755783659763014561e-13
1.321254841399964500e-13
5.138375582946423578e-14
1.717594288457711678e-13
1.381927752985130458e-13
1.799722222222222239e-13
1.799722222222222239e-13
1.679414495030193395e-13
1.642972865830506424e-13
1.629521797103390742e-13
1.600447046359216813e-13
4.399942246314951939e-14
1.648931071076114261e-13
1.757646920683327610e-13
1.799722222222222491e-13
1.757646920683327610e-13
1.648931071076114261e-13
1.717594288457711678e-13
1.141710238461323140e-13
1.007331350513149608e-13
1.799722222222222491e-13
1.710181872871483652e-13
1.757646920683327610e-13
4.202187259667193876e-14
1.636524175151871113e-13
1.720858515272930799e-13
1.799722222222222491e-13
1.759358578063719896e-13
1.674345670063604064e-13
4.101651632254997160e-14
3.442970881686252045e-14
1.755783659763015318e-13
1.701298415115114213e-13
1.679414495030193395e-13
1.592100563513973962e-13
1.679414495030193395e-13
3.663545588685307436e-14
1.799722222222222491e-13
1.714048134111288000e-13
1.265816389260172829e-13
1.757646920683327610e-13
1.799722222222222491e-13
3.827031442638973629e-14
1.542918628654115862e-13
1.759358578063719896e-13
3.743500869038150920e-14
1.600447046359216813e-13
1.723873153826316638e-13
1.799722222222222491e-13
1.759358578063719896e-13
8.685166801170368538e-14
1.759358578063719896e-13
7.080642153842556047e-14
1.799722222222222491e-13
1.799722222222222491e-13
1.720858515272931051e-13
1.629521797103390237e-13
1.662808215564631355e-13
1.583023666193457358e-13
4.811817046176790573e-14
1.662808215564631355e-13
1.458719204537522334e-13
1.600447046359216813e-13
1.501508219261649289e-13
1.757646920683327863e-13
6.284439047306498366e-14
1.799722222222222239e-13
4.596643928342903563e-14
4.005824918031422362e-14
5.048201687122266617e-14
1.720858515272930294e-13
1.636524175151871365e-13
1.720858515272931051e-13
5.637016381901982080e-14
1.679414495030193395e-13
1.629521797103390742e-13
1.799722222222222491e-13
1.636524175151871365e-13
1.799722222222222491e-13
1.710181872871483652e-13
1.717594288457711678e-13
1.710181872871483652e-13
1.714048134111287748e-13
1.717594288457711678e-13
1.600447046359216561e-13
1.799722222222222491e-13
1.714048134111287243e-13
6.483153083909272990e-14
1.753747719504599270e-13
4.202187259667193876e-14
1.755783659763014561e-13
1.629521797103389732e-13
1.799722222222222239e-13
6.483153083909271728e-14
1.674345670063603307e-13
3.586940452151500680e-14
4.596643928342904825e-14
