WAVELENGTH=1.55e-06, EFFECTIVE_DISTANCE=3.3e-05, NOMINAL_AC_VOLTAGE=240, POLING_LENGTH=0.3, CORE_INDEX=1.52, NUM_SHOTS=500
Chi-(2) (m/V)
1.613543736104059556e-13
1.648931071076114513e-13
1.690457651073084288e-13
1.746325000198798384e-13
8.164116289522454709e-14
4.418849470913155273e-14
1.739884219507404127e-13
6.542272232297780732e-14
1.799722222222222491e-13
1.743287796665135006e-13
1.799722222222222491e-13
1.448640804836919681e-13
1.799722222222222491e-13
1.701298415115114213e-13
1.746325000198799646e-13
1.701298415115114465e-13
1.746325000198798889e-13
4.307788584080390598e-14
1.799722222222222491e-13
1.696161024237167769e-13
1.656204456989752104e-13
1.640880713131892760e-13
1.453032318548473170e-13
1.648931071076114261e-13
1.746325000198798889e-13
6.694928795823097317e-14
1.573115988012847609e-13
1.640880713131893518e-13
1.477231098182139424e-13
6.483153083909271728e-14
1.613543736104059556e-13
1.648931071076113756e-13
1.583023666193457611e-13
3.914383141778489655e-14
1.573115988012847862e-13
1.799722222222222239e-13
1.550305490821535576e-13
1.055677258182862605e-13
6.587328536620294859e-14
1.573115988012848114e-13
1.799722222222222491e-13
1.705950104392906901e-13
1.550305490821535323e-13
1.484562340729355443e-13
6.694928795823104890e-14
1.562257870968536804e-13
1.573115988012847609e-13
4.005824918031420469e-14
1.749051968489697742e-13
1.799722222222222491e-13
1.604373410320936271e-13
1.168092948989492566e-13
9.406758196631802807e-14
1.656204456989752104e-13
5.175357145711007226e-14
1.550305490821535323e-13
1.799722222222222491e-13
1.696161024237168021e-13
1.701298415115113960e-13
4.535805827931345554e-14
5.449990994630260276e-14
1.690457651073084288e-13
1.696161024237167769e-13
1.696161024237167517e-13
1.662808215564631355e-13
1.621891176885205898e-13
1.522381039902424127e-13
1.562257870968537057e-13
1.656204456989752104e-13
1.799722222222222239e-13
1.648931071076113756e-13
1.067330697430708236e-13
1.656204456989752104e-13
1.631921786080900421e-13
1.690457651073084288e-13
1.799722222222222239e-13
8.218871552885130228e-14
9.959392578893714240e-14
8.164116289522455971e-14
1.743287796665135006e-13
1.656204456989752104e-13
1.684089285716586471e-13
1.701298415115113960e-13
1.696161024237167769e-13
1.799722222222222239e-13
5.073128590112747233e-14
1.746325000198798889e-13
1.799722222222222491e-13
4.927165938570532185e-14
4.927165938570532185e-14
1.135303436774036865e-13
1.047294542949957941e-13
1.168092948989492566e-13
1.343353928622195751e-13
1.696161024237167769e-13
1.799722222222222491e-13
1.343353928622196003e-13
1.493833176829699657e-13
5.921619792423901238e-14
1.705950104392907153e-13
1.656204456989752104e-13
1.484562340729355696e-13
5.073128590112744078e-14
1.397048287946025904e-13
1.701298415115113960e-13
1.799722222222222491e-13
1.573115988012847862e-13
1.534743238995971973e-13
1.743287796665135006e-13
1.573115988012847609e-13
1.573115988012847609e-13
1.372910926898438861e-13
1.381927752985130458e-13
1.604373410320936271e-13
1.662808215564631608e-13
1.432351387835548455e-13
1.331560531956855254e-13
4.307788584080388705e-14
3.914383141778487131e-14
9.278173934093681584e-14
1.749051968489698247e-13
1.583023666193457358e-13
1.656204456989752104e-13
1.224783568752193309e-13
1.562257870968536804e-13
1.751513927500063049e-13
1.621891176885205645e-13
4.596643928342899776e-14
1.613543736104059556e-13
1.343353928622195751e-13
1.690457651073084288e-13
3.914383141778485869e-14
1.604373410320936271e-13
1.753747719504599270e-13
1.746325000198798384e-13
1.648931071076114513e-13
7.247763276205174616e-14
1.648931071076114261e-13
1.279223734270398620e-13
1.522381039902423875e-13
1.224783568752193309e-13
1.604373410320936019e-13
1.746325000198799646e-13
1.604373410320936271e-13
5.755552596465646351e-14
4.789394469171621397e-14
1.249456968726913791e-13
1.469549925672072020e-13
1.690457651073084036e-13
1.799722222222222239e-13
1.799722222222222239e-13
1.799722222222222491e-13
1.573115988012847609e-13
1.469549925672072020e-13
1.799722222222222491e-13
1.562257870968536804e-13
1.799722222222222491e-13
1.799722222222222491e-13
5.449990994630260276e-14
1.648931071076114261e-13
1.656204456989752356e-13
4.789394469171622028e-14
1.363494907493405118e-13
1.705950104392907153e-13
1.799722222222222239e-13
1.799722222222222491e-13
1.583023666193457358e-13
1.799722222222222239e-13
3.827031442638973629e-14
1.573115988012847609e-13
1.751513927500063049e-13
1.749051968489698247e-13
1.696161024237167769e-13
1.621891176885205645e-13
1.343353928622195751e-13
1.799722222222222239e-13
1.239847625569151814e-13
1.562257870968537057e-13
1.448640804836919681e-13
1.696161024237167769e-13
1.469549925672072020e-13
5.392747264565724119e-14
1.308022992807497188e-13
1.705950104392906648e-13
1.746325000198798889e-13
4.101651632254996529e-14
1.493833176829699910e-13
9.406758196631802807e-14
1.705950104392906648e-13
8.218871552885132752e-14
1.743287796665135006e-13
1.434770615918472015e-13
5.392747264565724119e-14
1.613543736104059304e-13
1.701298415115113960e-13
1.377967912150160753e-13
1.594252106606639650e-13
1.453032318548473170e-13
1.333790444270230334e-13
1.690457651073084036e-13
1.604373410320936271e-13
1.562257870968537057e-13
4.659141386832483138e-14
1.753747719504599018e-13
1.356982453688462410e-13
1.696161024237167769e-13
1.648931071076114261e-13
1.751513927500063049e-13
9.828084998585108896e-14
1.696161024237167769e-13
5.755552596465642564e-14
4.659141386832485663e-14
1.656204456989752104e-13
1.696161024237167769e-13
1.522381039902424127e-13
1.640880713131893518e-13
1.648931071076114766e-13
1.751513927500063049e-13
1.799722222222222491e-13
1.613543736104059304e-13
1.701298415115113960e-13
1.648931071076114766e-13
7.580205090526280924e-14
1.749051968489698247e-13
1.705950104392906901e-13
1.522381039902423622e-13
1.799722222222222491e-13
1.573115988012847609e-13
1.799722222222222491e-13
1.746325000198798384e-13
1.621891176885205898e-13
1.363494907493404360e-13
6.202977139051539154e-14
1.613543736104059556e-13
1.310483182872779934e-13
1.799722222222222491e-13
1.613543736104059304e-13
5.755552596465642564e-14
1.573115988012847862e-13
1.343353928622195751e-13
1.613543736104059304e-13
1.799722222222222239e-13
1.662808215564631355e-13
1.696161024237167769e-13
1.705950104392906901e-13
6.368081830068213824e-14
1.484562340729355443e-13
1.746325000198799141e-13
1.656204456989752356e-13
1.701298415115114213e-13
1.799722222222222491e-13
1.613543736104059304e-13
1.749051968489698247e-13
1.710181872871483400e-13
1.397048287946025904e-13
1.573115988012847609e-13
1.799722222222222491e-13
1.799722222222222491e-13
1.343353928622195751e-13
1.104338361344682262e-13
1.631921786080900926e-13
1.522381039902424127e-13
1.799722222222222491e-13
1.799722222222222239e-13
1.434770615918472015e-13
1.749051968489697742e-13
1.562257870968537057e-13
1.604373410320936019e-13
1.705950104392907153e-13
1.799722222222222239e-13
1.522381039902423875e-13
4.418849470913155273e-14
4.005824918031422362e-14
1.753747719504599270e-13
4.927165938570529030e-14
6.432298657433479168e-14
5.175357145711007226e-14
1.484562340729355443e-13
4.927165938570526505e-14
1.799722222222222491e-13
1.701298415115113960e-13
1.508806928239543970e-13
1.613543736104059304e-13
1.613543736104059304e-13
4.659141386832485663e-14
6.750066799812866648e-14
1.696161024237167769e-13
1.690457651073083531e-13
5.392747264565727906e-14
1.640880713131893265e-13
1.594252106606639650e-13
1.550305490821535576e-13
1.701298415115114465e-13
1.562257870968537057e-13
1.799722222222222239e-13
1.640880713131893518e-13
1.562257870968537057e-13
1.696161024237168021e-13
1.583023666193457358e-13
1.522381039902423875e-13
1.710181872871483400e-13
1.696161024237167769e-13
4.005824918031422362e-14
1.701298415115114213e-13
1.799722222222222491e-13
1.397048287946025904e-13
1.343353928622195751e-13
1.749051968489698247e-13
1.087404402411546860e-13
5.175357145711009119e-14
4.005824918031422362e-14
1.613543736104059556e-13
1.550305490821535323e-13
1.414472392224718935e-13
1.648931071076113756e-13
1.799722222222222491e-13
1.799722222222222491e-13
1.799722222222222239e-13
1.701298415115113960e-13
1.648931071076113756e-13
1.432351387835548960e-13
1.799722222222222239e-13
1.662808215564631355e-13
1.749051968489698247e-13
4.659141386832485663e-14
1.799722222222222239e-13
1.746325000198798889e-13
1.746325000198799141e-13
4.811817046176787417e-14
1.522381039902423622e-13
5.228038290613593328e-14
5.598586797486787831e-14
1.799722222222222239e-13
7.926564791987727897e-14
1.705950104392906901e-13
1.493833176829699910e-13
1.743287796665135006e-13
1.562257870968537057e-13
1.640880713131893518e-13
1.749051968489697742e-13
1.736043715079911722e-13
1.604373410320936271e-13
4.789394469171621397e-14
1.522381039902424127e-13
7.800522927548098917e-14
1.621891176885205645e-13
1.656204456989752104e-13
1.799722222222222491e-13
1.604373410320936019e-13
1.640880713131893518e-13
1.469549925672072020e-13
1.613543736104059556e-13
1.746325000198798889e-13
1.739884219507404127e-13
1.255296197209895045e-13
1.377967912150160753e-13
1.562257870968536804e-13
1.648931071076114261e-13
1.799722222222222239e-13
1.463544026545689406e-13
1.662808215564631355e-13
1.799722222222222239e-13
1.055677258182862479e-13
1.799722222222222239e-13
1.448640804836920186e-13
1.604373410320936271e-13
1.377967912150160753e-13
1.363494907493404865e-13
1.746325000198798889e-13
1.621891176885205645e-13
1.755783659763015318e-13
1.508806928239543970e-13
1.397048287946025652e-13
1.453032318548473170e-13
1.743287796665135006e-13
1.562257870968537057e-13
1.648931071076114261e-13
1.448640804836919681e-13
1.662808215564631355e-13
1.648931071076114261e-13
1.690457651073084036e-13
1.522381039902424127e-13
1.799722222222222239e-13
1.743287796665135006e-13
6.202977139051540417e-14
1.640880713131892760e-13
1.746325000198798889e-13
1.696161024237168021e-13
1.262038486276506501e-13
1.656204456989752104e-13
1.746325000198799646e-13
1.696161024237168021e-13
1.746325000198798889e-13
1.739884219507404884e-13
1.799722222222222239e-13
1.799722222222222491e-13
6.202977139051540417e-14
1.743287796665135006e-13
4.659141386832483138e-14
4.535805827931346185e-14
1.746325000198799646e-13
1.583023666193457358e-13
1.469549925672072020e-13
1.799722222222222239e-13
1.583023666193457358e-13
1.631921786080900421e-13
1.631921786080900926e-13
1.621891176885205645e-13
1.751513927500063049e-13
1.631921786080900926e-13
1.469549925672072020e-13
1.701298415115114213e-13
1.168092948989492566e-13
1.631921786080900926e-13
1.751513927500063049e-13
1.799722222222222239e-13
1.746325000198799141e-13
1.469549925672071516e-13
1.749051968489697742e-13
1.799722222222222491e-13
1.583023666193457358e-13
1.656204456989752104e-13
1.736043715079910964e-13
1.751513927500063049e-13
4.789394469171621397e-14
1.562257870968536804e-13
1.696161024237167769e-13
1.484562340729355443e-13
1.696161024237167769e-13
1.397048287946026157e-13
1.550305490821535576e-13
1.613543736104059556e-13
1.749051968489698247e-13
1.705950104392906901e-13
1.746325000198799141e-13
1.484562340729355696e-13
1.469549925672072020e-13
1.743287796665135006e-13
1.434770615918471763e-13
1.550305490821535323e-13
1.749051968489697742e-13
1.705950104392906901e-13
1.746325000198798384e-13
1.484562340729355443e-13
1.604373410320936019e-13
4.005824918031422993e-14
1.562257870968537057e-13
6.542272232297784519e-14
1.508806928239543718e-13
1.701298415115114213e-13
1.522381039902423622e-13
1.604373410320936271e-13
3.914383141778487131e-14
1.799722222222222491e-13
1.799722222222222491e-13
1.799722222222222239e-13
1.397048287946025904e-13
1.799722222222222239e-13
1.594252106606639650e-13
1.594252106606639902e-13
1.799722222222222491e-13
1.356982453688462157e-13
1.746325000198798889e-13
1.613543736104059304e-13
1.746325000198798384e-13
1.484562340729355443e-13
1.705950104392906901e-13
1.621891176885205898e-13
1.055677258182862605e-13
1.613543736104059556e-13
1.301127514814227301e-13
1.705950104392907153e-13
1.394758481707510939e-13
1.562257870968536804e-13
1.648931071076114766e-13
1.751513927500063049e-13
1.550305490821535323e-13
1.477231098182140182e-13
1.522381039902424127e-13
1.656204456989752356e-13
1.662808215564631355e-13
1.648931071076114261e-13
1.799722222222221734e-13
1.594252106606639650e-13
1.448640804836920186e-13
1.696161024237167769e-13
1.751513927500063049e-13
1.493833176829699657e-13
1.562257870968537057e-13
1.432351387835548960e-13
1.753747719504599018e-13
1.613543736104059556e-13
1.477231098182139172e-13
1.799722222222222491e-13
1.522381039902423875e-13
1.751513927500063049e-13
1.751513927500063049e-13
1.690457651073084288e-13
7.127593505567438851e-14
1.469549925672071768e-13
5.228038290613590172e-14
1.621891176885205645e-13
1.604373410320936271e-13
1.522381039902423875e-13
1.696161024237167517e-13
1.799722222222222491e-13
4.418849470913152749e-14
1.751513927500063049e-13
1.453032318548472666e-13
1.594252106606639650e-13
1.705950104392907153e-13
1.749051968489697742e-13
1.469549925672071768e-13
1.594252106606639650e-13
1.391775777611587047e-13
1.613543736104059556e-13
1.749051968489697742e-13
5.449990994630260276e-14
1.749051968489697742e-13
1.799722222222222491e-13
1.746325000198799646e-13
5.073128590112747233e-14
1.484562340729355443e-13
1.743287796665135006e-13
1.696161024237167769e-13
1.799722222222222239e-13
1.701298415115114213e-13
1.484562340729356201e-13
1.550305490821535576e-13
1.799722222222222239e-13
1.690457651073084288e-13
1.696161024237167517e-13
1.583023666193457106e-13
1.696161024237167769e-13
7.290793185342777130e-14
1.262038486276506753e-13
6.432298657433479168e-14
1.690457651073084288e-13
1.484562340729355443e-13
1.656204456989752104e-13
1.749051968489697742e-13
1.701298415115114213e-13
1.799722222222222491e-13
1.739884219507404127e-13
1.573115988012847609e-13
1.749051968489698247e-13
1.537084423836844996e-13
1.662808215564631355e-13
1.570495724382380303e-13
1.321254841399964500e-13
1.629521797103389984e-13
1.701298415115114213e-13
1.550305490821535071e-13
1.749051968489698247e-13
1.508806928239543970e-13
1.799722222222222239e-13
1.799722222222222491e-13
5.392747264565727906e-14
1.696161024237167517e-13
1.432351387835548960e-13
1.746325000198799141e-13
9.108462582274984792e-14
1.262038486276506248e-13
1.583023666193457358e-13
1.550305490821535071e-13
1.749051968489697742e-13
4.307788584080390598e-14
1.570495724382380051e-13
1.613543736104059304e-13
1.684089285716586219e-13
1.414472392224718935e-13
7.702564193364073337e-14
8.263212814834741911e-14
1.739884219507404127e-13
1.705950104392906901e-13
4.535805827931343661e-14
4.101651632254996529e-14
1.656204456989752356e-13
1.701298415115114465e-13
1.684089285716586219e-13
1.484562340729355443e-13
1.749051968489698247e-13
1.696161024237167517e-13
1.799722222222222239e-13
1.751513927500063049e-13
1.656204456989752356e-13
5.309110425437199892e-14
5.309110425437199892e-14
5.073128590112742185e-14
1.799722222222222491e-13
1.477231098182139424e-13
1.656204456989752356e-13
1.594252106606638892e-13
1.799722222222222491e-13
1.631921786080900169e-13
1.573115988012847609e-13
1.701298415115113960e-13
1.432351387835548455e-13
1.799722222222222491e-13
1.743287796665135006e-13
1.522381039902423622e-13
1.550305490821535576e-13
1.648931071076113756e-13
1.377967912150160753e-13
1.594252106606639650e-13
1.746325000198799141e-13
1.753747719504599270e-13
1.648931071076114261e-13
1.550305490821535323e-13
1.648931071076114766e-13
1.799722222222222239e-13
1.799722222222222239e-13
1.469549925672072020e-13
5.073128590112744078e-14
1.432351387835548960e-13
1.690457651073084288e-13
1.746325000198798889e-13
1.684089285716586219e-13
1.453032318548473170e-13
1.493833176829699910e-13
1.594252106606639650e-13
1.391775777611587047e-13
1.799722222222222491e-13
1.648931071076113756e-13
